
14:40:36.082 设备接收:68 04 43 00 00 00
14:40:46.538 设备接收:68 04 07 00 00 00
14:40:46.679 设备发送:68 04 0B 00 00 00
14:40:46.774 设备发送:68 0E 00 00 00 00 46 01 04 00 01 00 00 00 00 00 68 3A 02 00 00 00 01 0C 03 00 01 00 01 00 00 01 07 00 00 01 08 00 00 01 09 00 00 01 0D 00 00 01 0E 00 00 00 3B 00 00 01 3C 00 00 00 69 00 00 01 6A 00 00 00 97 00 00 01 98 00 00 00
14:40:46.867 设备接收:68 0E 6C 00 46 00 64 01 06 00 01 00 00 00 00 14
14:40:46.883 设备发送:68 04 01 00 6E 00
14:40:46.946 设备发送:68 8E 04 00 6E 00 1E 0C 03 00 01 00 01 00 00 01 F1 E2 25 0E 0A 01 19 07 00 00 01 0C E3 25 0E 0A 01 19 08 00 00 01 16 E3 25 0E 0A 01 19 09 00 00 01 C0 E5 25 0E 0A 01 19 0D 00 00 01 CF 2F 26 0E 0A 01 19 0E 00 00 00 D8 2F 26 0E 0A 01 19 3B 00 00 01 EE C8 26 0E 0A 01 19 3C 00 00 00 F7 C8 26 0E 0A 01 19 69 00 00 01 75 78 27 0E 0A 01 19 6A 00 00 00 7F 78 27 0E 0A 01 19 97 00 00 01 41 2C 28 0E 0A 01 19 98 00 00 00 4F 2C 28 0E 0A 01 19
14:40:47.163 设备发送:68 0E 06 00 6E 00 64 01 07 00 01 00 00 00 00 14
14:40:47.272 设备接收:68 04 01 00 08 00
14:40:47.366 设备发送:68 8C 08 00 6E 00 01 FF 14 00 01 00 01 00 00 01 00 00 00 00 00 01 01 01 00 00 00 01 00 00 00 00 00 00 00 00 00 00 00 00 00 00 00 00 00 00 00 00 00 00 00 00 00 00 00 00 00 00 00 00 00 00 00 00 00 00 00 00 00 00 00 00 00 01 00 00 00 00 00 00 00 00 00 00 00 00 00 00 00 00 00 00 00 00 00 00 00 00 00 00 00 00 00 00 00 00 00 00 00 00 00 00 00 00 00 00 00 00 00 01 00 00 00 00 00 00 00 00 00 00 00 00 00 00 00 00 00 00 00 00 00 00
14:40:47.600 设备发送:68 8C 0A 00 6E 00 01 FF 14 00 01 00 80 00 00 00 00 00 00 00 00 00 00 00 00 00 00 00 00 00 00 00 00 00 00 00 00 00 01 00 00 00 00 00 00 00 00 00 00 00 00 00 00 00 00 00 00 00 00 00 00 00 00 00 00 00 00 00 00 00 00 00 00 00 00 00 00 00 00 00 00 00 00 00 00 01 00 00 00 00 00 00 00 00 00 00 00 00 00 00 00 00 00 00 00 00 00 00 00 00 00 00 00 00 00 00 00 00 00 00 00 00 00 00 00 00 00 00 00 00 00 01 00 00 00 00 00 00 00 00 00 00
14:40:47.806 设备发送:68 8C 0C 00 6E 00 01 FF 14 00 01 00 FF 00 00 00 00 00 00 00 00 00 00 00 00 00 00 00 00 00 00 00 00 00 00 00 00 00 00 00 00 00 00 00 00 00 00 00 00 00 01 00 00 00 00 00 00 00 00 00 00 00 00 00 00 00 00 00 00 00 00 00 00 00 00 00 00 00 00 00 00 00 00 00 00 00 00 00 00 00 00 00 00 00 00 00 01 00 00 00 00 00 00 00 00 00 00 00 00 00 00 00 00 00 00 00 00 00 00 00 00 00 00 00 00 00 00 00 00 00 00 00 00 00 00 00 00 00 00 00 00 00
14:40:47.978 设备发送:68 8C 0E 00 6E 00 01 FF 14 00 01 00 7E 01 00 01 00 00 00 00 00 00 00 00 00 00 00 00 00 00 00 00 00 00 00 00 00 00 00 00 00 00 00 00 00 00 00 00 00 00 00 00 00 00 00 00 00 00 00 00 00 01 00 00 00 00 00 00 00 00 00 00 00 00 00 00 00 00 00 00 00 00 00 00 00 00 00 00 00 00 00 00 00 00 00 00 00 00 00 00 00 00 00 00 00 00 00 01 00 00 00 00 00 00 00 00 00 00 00 00 00 00 00 00 00 00 00 00 00 00 00 00 00 00 00 00 00 00 00 00 00 00
14:40:48.101 设备接收:68 04 01 00 10 00
14:40:48.180 设备发送:68 42 10 00 6E 00 01 B5 14 00 01 00 FD 01 00 00 00 00 00 00 00 00 00 00 00 00 01 00 00 00 00 00 00 00 00 00 00 00 00 00 00 00 00 00 00 00 00 00 00 00 00 00 00 00 00 00 00 00 00 00 00 00 00 00 00 00 00 00
14:40:48.414 设备发送:68 E4 12 00 6E 00 0D AB 14 00 01 00 01 40 00 00 80 6A 43 00 67 66 6A 43 00 00 00 6B 43 00 00 00 00 00 00 CD CC CC 3D 00 00 00 58 41 00 7B 14 1A C2 00 00 00 00 00 00 D7 A3 98 C1 00 99 99 99 C1 00 7B 14 82 C2 00 00 00 00 00 00 3D 0A 03 C2 00 5C 8F 02 C2 00 4A 0C 02 BF 00 7B 14 48 42 00 33 33 6A 43 00 67 66 6A 43 00 00 00 6A 43 00 00 00 00 00 00 CD CC 0C 41 00 CD CC 0C 41 00 EB 51 94 42 00 8F C2 C5 41 00 0A D7 C3 41 00 52 B8 C6 41 00 99 99 19 BF 00 8F C2 75 BE 00 EB 51 B8 BE 00 00 00 00 00 00 00 00 80 3F 00 B8 1E 48 42 00 00 80 69 43 00 67 66 6A 43 00 67 E6 6A 43 00 00 00 00 00 00 00 00 00 41 00 9A 99 01 41 00 B8 1E 87 42 00 1E 85 B3 41 00 1E 85 B3 41 00 1E 85 B3 41 00 8F C2 75 BE 00
14:40:48.598 设备发送:68 E4 14 00 6E 00 0D AB 14 00 01 00 2C 40 00 8F C2 F5 BD 00 8F C2 F5 BE 00 00 00 00 00 00 00 00 80 3F 00 7B 14 48 42 00 CD CC 68 43 00 CD CC 69 43 00 9A 99 6A 43 00 00 00 00 00 00 CD CC CC 40 00 CD CC CC 40 00 3D 0A 57 42 00 B8 1E 8D 41 00 00 00 90 41 00 3D 0A 8F 41 00 99 99 19 BF 00 8F C2 75 BE 00 EB 51 B8 BE 00 8F C2 F5 BE 00 00 00 80 3F 00 7B 14 48 42 00 67 66 B3 42 00 9A 99 B3 42 00 00 20 2A 44 00 67 66 B2 42 00 7B 14 0E 41 00 67 A6 3C 44 00 33 33 AF 42 00 00 00 B1 42 00 33 33 B1 42 00 00 00 B1 42 00 CD CC CC 3D 00 CD CC CC 3D 00 00 00 00 00 00 00 00 00 00 00 00 00 00 00 00 00 00 00 00 00 00 00 00 00 00 00 00 00 00 00 00 00 00 00 00 00 00 00 00 00 00 00 00 00 00 00 00 00 00 00
14:40:48.798 设备发送:68 DA 16 00 6E 00 0D A9 14 00 01 00 57 40 00 EB 51 74 41 00 CC CC 4C 3D 00 CD CC CC 3D 00 D7 A3 F0 40 00 00 00 00 00 00 00 00 00 00 00 00 00 00 00 00 00 00 00 00 00 00 00 00 00 00 00 00 00 00 00 00 00 00 00 00 00 00 00 00 00 00 00 00 00 00 00 00 00 00 00 00 00 00 00 00 00 00 00 00 00 00 00 00 00 00 00 00 00 00 00 00 00 00 00 00 00 00 00 00 00 00 00 00 00 00 00 00 00 00 00 9A 99 69 43 00 CD CC 69 43 00 33 B3 6A 43 00 85 EB AD 41 00 7B 14 AE 41 00 85 EB AF 41 00 00 00 00 00 00 5C 8F 72 41 00 CC CC CC BD 00 00 00 00 00 00 00 00 48 42 00 00 00 00 00 00 00 00 5C 42 00 00 00 3D 44 00 00 00 DC 42 00 00 00 00 00 00 00 00 00 00 00 00 00 00 00 00 00 00 00 00 00
14:40:48.922 设备接收:68 04 01 00 18 00
14:40:49.000 设备发送:68 E4 18 00 6E 00 0D AB 14 00 01 00 80 40 00 00 00 00 00 00 00 00 00 00 00 9A 99 3B 44 00 33 B3 3C 44 00 67 66 DE 42 00 9A 99 DE 42 00 85 6B 94 42 00 33 73 3B 44 00 67 26 3A 44 00 33 33 DE 42 00 9A 99 DE 42 00 67 66 DE 42 00 00 00 00 00 00 CD CC CC 3D 00 00 00 00 00 00 00 00 00 00 00 00 00 00 00 00 00 00 00 00 00 00 00 00 00 00 00 00 00 00 00 00 00 00 00 00 00 00 00 00 00 AE 47 6D 41 00 0A D7 F3 40 00 EB 51 B8 3D 00 0A D7 A3 3C 00 CD CC 12 43 00 EB 51 6C 41 00 00 00 F0 40 00 00 00 00 00 00 8F C2 F5 3C 00 00 00 00 00 00 00 00 00 00 00 CC CC 4C 3D 00 00 00 00 00 00 00 00 00 00 00 00 00 00 00 00 00 00 00 00 00 00 00 00 00 00 00 00 00 00 00 00 00 00 00 00 00 00 00 00 00 00 00 00 00 00
14:40:49.205 设备发送:68 E4 1A 00 6E 00 0D AB 14 00 01 00 AB 40 00 00 00 00 00 00 00 00 00 00 00 00 00 00 00 00 00 80 6B 43 00 00 80 6A 43 00 CD 4C 6B 43 00 33 33 72 42 00 99 99 71 42 00 8F C2 71 42 00 00 00 00 00 00 33 33 2A 42 00 0A D7 83 BF 00 00 00 00 00 00 F5 28 48 42 00 00 00 00 00 00 00 00 60 42 00 00 80 3A 44 00 00 00 DC 42 00 00 00 00 00 00 00 00 00 00 00 00 00 00 00 00 00 00 00 00 00 00 00 00 00 00 00 00 00 00 00 33 D3 34 44 00 67 66 35 44 00 9A 19 35 44 00 00 80 33 44 00 66 66 90 42 00 CD 4C 12 44 00 67 66 DD 42 00 CD CC DE 42 00 00 00 DC 42 00 33 33 DE 42 00 67 66 A6 3F 00 9A 99 19 3F 00 00 00 00 00 00 00 00 00 00 00 00 00 00 00 00 00 00 00 00 00 00 00 00 00 00 00 00 00 00 00 00 00 00 00 00
14:40:49.424 设备发送:68 DA 1C 00 6E 00 0D A9 14 00 01 00 D6 40 00 00 00 00 00 00 00 00 68 41 00 33 33 67 41 00 52 B8 66 41 00 1E 85 6B 41 00 9A 19 14 43 00 5C 8F FA 40 00 00 00 00 00 00 00 00 00 00 00 0A D7 A3 3C 00 0A D7 A3 3C 00 0A D7 23 3C 00 8F C2 F5 3C 00 00 00 00 00 00 00 00 00 00 00 00 00 00 00 00 00 00 00 00 00 00 00 00 00 00 00 00 00 00 00 00 00 00 00 00 00 00 00 00 00 00 00 00 00 00 00 00 00 00 00 00 00 00 00 00 00 00 00 00 00 9A 19 6C 43 00 67 66 6B 43 00 CD 4C 6D 43 00 D7 A3 9C 42 00 A4 70 9C 42 00 29 5C 9C 42 00 00 00 00 00 00 7B 14 5E 42 00 0A D7 A3 3E 00 00 00 00 00 00 00 00 48 42 00 00 00 00 00 00 00 00 4C 42 00 00 40 3A 44 00 00 00 DC 42 00 00 00 00 00 00
14:40:49.643 设备发送:68 E4 1E 00 6E 00 0D AB 14 00 01 00 FF 40 00 00 00 00 00 00 00 00 00 00 00 00 00 00 00 00 00 00 00 00 00 00 00 00 00 00 CD 4C 50 44 00 00 00 4C 44 00 67 66 50 44 00 00 E0 3D 44 00 EB D1 9C 42 00 33 D3 40 44 00 33 13 42 44 00 33 B3 48 44 00 00 80 0B 43 00 CD 4C 0C 43 00 00 00 00 00 00 9A 99 19 3F 00 00 00 00 00 00 00 00 00 00 00 00 00 00 00 00 00 00 00 00 00 00 00 00 00 00 00 00 00 00 00 00 00 00 00 00 00 00 00 00 00 E1 7A AC 40 00 99 99 39 40 00 1E 85 2B 40 00 C2 F5 A0 40 00 67 66 58 42 00 3D 0A B7 40 00 B8 1E 35 40 00 F5 28 3C 40 00 00 00 00 00 00 B8 1E 05 3E 00 00 00 00 00 00 0A D7 23 3C 00 00 00 00 00 00 00 00 00 00 00 00 00 00 00 00 00 00 00 00 00 00 00 00 00 00 00 00 00 00 00
14:40:49.735 设备接收:68 04 01 00 20 00
14:40:49.866 设备发送:68 E4 20 00 6E 00 0D AB 14 00 01 00 2A 41 00 00 00 00 00 00 00 00 00 00 00 00 00 00 00 00 00 00 00 00 00 00 00 00 00 00 00 00 00 00 00 67 E6 69 43 00 67 66 6A 43 00 00 80 6A 43 00 66 66 0C 42 00 33 33 0B 42 00 F6 28 0D 42 00 00 00 00 00 00 85 EB C3 41 00 CC CC CC 3D 00 00 00 00 00 00 85 EB 47 42 00 00 00 00 00 00 00 00 40 42 00 00 00 0B 44 00 00 00 DC 42 00 00 00 00 00 00 00 00 00 00 00 00 00 00 00 00 00 00 00 00 00 00 00 00 00 00 00 00 00 00 00 00 00 00 00 00 00 00 00 00 00 00 00 00 00 00 00 00 00 00 00 00 00 00 00 00 00 00 00 00 00 00 00 00 00 00 00 00 00 00 00 00 00 00 00 00 00 00 00 00 00 00 00 00 00 00 00 00 00 00 00 00 00 00 00 00 00 00 00 00 00 00 00 00 00 00 00 00 00 00 00
14:40:50.046 设备发送:68 DA 22 00 6E 00 0D A9 14 00 01 00 55 41 00 00 00 00 00 00 00 00 00 00 00 00 00 00 00 00 00 00 00 00 00 00 00 00 00 00 00 00 00 00 00 00 00 00 00 00 00 00 00 00 00 00 00 00 00 00 00 00 00 00 00 00 00 00 00 00 00 00 00 00 00 00 00 00 00 00 00 00 00 00 00 00 00 00 00 00 00 00 00 00 00 00 00 00 00 00 00 00 00 00 00 00 00 00 00 00 00 00 00 00 00 00 00 00 00 00 00 00 00 00 00 00 00 00 00 00 00 00 00 00 00 00 00 00 00 00 00 00 00 00 00 00 00 00 00 00 00 00 00 00 00 33 33 6A 43 00 33 33 69 43 00 33 33 6B 43 00 00 00 10 42 00 AE 47 10 42 00 1F 85 10 42 00 00 00 00 00 00 70 3D CA 41 00 7B 14 2E 3E 00 00 00 00 00 00 7B 14 48 42 00 00 00 00 00 00 00 00 00 00 00
14:40:50.249 设备发送:68 E4 24 00 6E 00 0D AB 14 00 01 00 7E 41 00 00 00 00 00 00 00 00 DC 42 00 00 00 00 00 00 00 00 00 00 00 00 00 00 00 00 00 00 00 00 00 00 00 00 00 00 00 00 00 00 00 00 00 00 00 00 00 00 00 00 00 00 00 00 00 00 00 00 00 00 00 00 00 00 00 00 00 00 00 00 00 00 00 00 00 00 00 00 00 00 00 00 00 00 00 00 00 00 00 00 00 00 00 00 00 00 00 00 00 00 00 00 00 00 00 00 00 00 00 00 00 00 00 00 00 00 00 00 00 00 00 00 00 00 00 00 00 00 00 00 00 00 00 00 00 00 00 00 00 00 00 00 00 00 00 00 00 00 00 00 00 00 00 00 00 00 00 00 00 00 00 00 00 00 00 00 00 00 00 00 00 00 00 00 00 00 00 00 00 00 00 00 00 00 00 00 00 00 00 00 00 00 00 00 00 00 00 00 00 00 00 00 00 00 00 00 00 00 00 00 00 00 00 00 00 00
14:40:50.466 设备发送:68 E4 26 00 6E 00 0D AB 14 00 01 00 A9 41 00 00 00 00 00 00 00 00 00 00 00 00 00 00 00 00 00 00 00 00 00 00 00 00 00 00 00 00 00 00 00 00 00 00 00 00 00 00 00 00 00 00 00 00 00 00 00 00 00 00 00 00 00 00 00 00 00 00 00 00 00 00 00 00 00 00 00 00 00 00 00 00 00 00 00 00 00 00 00 00 00 00 00 00 00 00 00 00 00 00 00 00 00 00 00 00 00 00 00 00 00 00 00 00 00 00 00 00 00 00 00 00 00 00 00 00 00 00 DC 42 00 00 00 00 00 00 00 00 00 00 00 00 00 00 00 00 00 00 00 00 00 00 00 00 00 00 00 00 00 00 00 00 00 00 00 00 00 00 00 00 00 00 00 00 00 00 00 00 00 00 00 00 00 00 00 00 00 00 00 00 00 00 00 00 00 00 00 00 00 00 00 00 00 00 00 00 00 00 00 00 00 00 00 00 00 00 00 00 00 00 00 00 00 00 00 00
14:40:50.590 设备接收:68 04 01 00 28 00
14:40:50.685 设备发送:68 DA 28 00 6E 00 0D A9 14 00 01 00 D4 41 00 00 00 00 00 00 00 00 00 00 00 00 00 00 00 00 00 00 00 00 00 00 00 00 00 00 00 00 00 00 00 00 00 00 00 00 00 00 00 00 00 00 00 00 00 00 00 00 00 00 00 00 00 00 00 00 00 00 00 00 00 00 00 00 00 00 00 00 00 00 00 00 00 00 00 00 00 00 00 00 00 00 00 00 00 00 00 00 00 00 00 00 00 00 00 00 00 00 00 00 00 00 00 00 00 00 00 00 00 00 00 00 00 00 00 00 00 00 00 00 00 00 00 00 00 00 00 00 00 00 00 00 00 00 00 00 00 00 00 00 00 00 00 00 00 00 00 00 00 00 00 00 00 00 00 00 00 00 00 00 00 00 00 00 00 00 00 00 00 00 00 00 00 00 00 00 00 00 00 00 00 00 00 00 00 00 00 00 00 00 00 00 00 00 00 00 00 00 00 00 00 00 00 00 00 00
14:40:50.888 设备发送:68 E4 2A 00 6E 00 0D AB 14 00 01 00 FD 41 00 00 00 00 00 00 00 00 00 00 00 00 00 00 00 00 00 00 00 00 00 00 00 DC 42 00 00 00 00 00 00 00 00 00 00 00 00 00 00 00 00 00 00 00 00 00 00 00 00 00 00 00 00 00 00 00 00 00 00 00 00 00 00 00 00 00 00 00 00 00 00 00 00 00 00 00 00 00 00 00 00 00 00 00 00 00 00 00 00 00 00 00 00 00 00 00 00 00 00 00 00 00 00 00 00 00 00 00 00 00 00 00 00 00 00 00 00 00 00 00 00 00 00 00 00 00 00 00 00 00 00 00 00 00 00 00 00 00 00 00 00 00 00 00 00 00 00 00 00 00 00 00 00 00 00 00 00 00 00 00 00 00 00 00 00 00 00 00 00 00 00 00 00 00 00 00 00 00 00 00 00 00 00 00 00 00 00 00 00 00 00 00 00 00 00 00 00 00 00 00 00 00 00 00 00 00 00 00 00 00 00 00 00 00 00 00
14:40:51.105 设备发送:68 E4 2C 00 6E 00 0D AB 14 00 01 00 28 42 00 00 00 00 00 00 00 00 00 00 00 00 00 00 00 00 00 00 00 00 00 00 00 00 00 00 00 00 00 00 00 00 00 00 00 00 00 00 00 00 00 00 00 00 00 00 00 00 00 00 00 00 00 00 00 00 00 00 00 00 00 00 00 00 00 00 00 00 00 00 00 00 00 00 00 00 00 00 00 00 00 00 00 00 00 00 00 00 00 00 00 00 00 00 00 00 00 00 00 00 00 00 00 00 00 00 00 00 00 00 00 00 00 00 00 00 00 00 00 00 00 00 00 00 00 00 00 00 00 00 00 00 00 DC 42 00 00 00 00 00 00 00 00 00 00 00 00 00 00 00 00 00 00 00 00 00 00 00 00 00 00 00 00 00 00 00 00 00 00 00 00 00 00 00 00 00 00 00 00 00 00 00 00 00 00 00 00 00 00 00 00 00 00 00 00 00 00 00 00 00 00 00 00 00 00 00 00 00 00 00 00 00 00 00 00 00
14:40:51.325 设备发送:68 DA 2E 00 6E 00 0D A9 14 00 01 00 53 42 00 00 00 00 00 00 00 00 00 00 00 00 00 00 00 00 00 00 00 00 00 00 00 00 00 00 00 00 00 00 00 00 00 00 00 00 00 00 00 00 00 00 00 00 00 00 00 00 00 00 00 00 00 00 00 00 00 00 00 00 00 00 00 00 00 00 00 00 00 00 00 00 00 00 00 00 00 00 00 00 00 00 00 00 00 00 00 00 00 00 00 00 00 00 00 00 00 00 00 00 00 00 00 00 00 00 00 00 00 00 00 00 00 00 00 00 00 00 00 00 00 00 00 00 00 00 00 00 00 00 00 00 00 00 00 00 00 00 00 00 00 00 00 00 00 00 00 00 00 00 00 00 00 00 00 00 00 00 00 00 00 00 00 00 00 00 00 00 00 00 00 00 00 00 00 00 00 00 00 00 00 00 00 00 00 00 00 00 00 00 00 00 00 00 00 00 00 00 00 00 00 00 00 00 00 00
14:40:51.402 设备接收:68 04 01 00 30 00
14:40:51.496 设备发送:68 E4 30 00 6E 00 0D AB 14 00 01 00 7C 42 00 00 00 00 00 00 00 00 00 00 00 00 00 00 00 00 00 00 00 00 00 00 00 00 00 00 00 00 00 00 00 00 00 00 00 00 00 00 DC 42 00 00 00 00 00 00 00 00 00 00 00 00 00 00 00 00 00 00 00 00 00 00 00 00 00 00 00 00 00 00 00 00 00 00 00 00 00 00 00 00 00 00 00 00 00 00 00 00 00 00 00 00 00 00 00 00 00 00 00 00 00 00 00 00 00 00 00 00 00 00 00 00 00 00 00 00 00 00 00 00 00 00 00 00 00 00 00 00 00 00 00 00 00 00 00 00 00 00 00 00 00 00 00 00 00 00 00 00 00 00 00 00 00 00 00 00 00 00 00 00 00 00 00 00 00 00 00 00 00 00 00 00 00 00 00 00 00 00 00 00 00 00 00 00 00 00 00 00 00 00 00 00 00 00 00 00 00 00 00 00 00 00 00 00 00 00 00 00 00 00 00 00 00 00 00 00
14:40:51.736 设备发送:68 E4 32 00 6E 00 0D AB 14 00 01 00 A7 42 00 00 00 00 00 00 00 00 00 00 00 00 00 00 00 00 00 00 00 00 00 00 00 00 00 00 00 00 00 00 00 00 00 00 00 00 00 00 00 00 00 00 00 00 00 00 00 00 00 00 00 00 00 00 00 00 00 00 00 00 00 00 00 00 00 00 00 00 00 00 00 00 00 00 00 00 00 00 00 00 00 00 00 00 00 00 00 00 00 00 00 00 00 00 00 00 00 00 00 00 00 00 00 00 00 00 00 00 00 00 00 00 00 00 00 00 00 00 00 00 00 00 00 00 00 00 00 00 00 00 00 00 00 00 00 00 00 00 00 00 00 00 00 00 00 00 00 00 DC 42 00 00 00 00 00 00 00 00 00 00 00 00 00 00 00 00 00 00 00 00 00 00 00 00 00 00 00 00 00 00 00 00 00 00 00 00 00 00 00 00 00 00 00 00 00 00 00 00 00 00 00 00 00 00 00 00 00 00 00 00 00 00 00 00 00 00
14:40:51.934 设备发送:68 DA 34 00 6E 00 0D A9 14 00 01 00 D2 42 00 00 00 00 00 00 00 00 00 00 00 00 00 00 00 00 00 00 00 00 00 00 00 00 00 00 00 00 00 00 00 00 00 00 00 00 00 00 00 00 00 00 00 00 00 00 00 00 00 00 00 00 00 00 00 00 00 00 00 00 00 00 00 00 00 00 00 00 00 00 00 00 00 00 00 00 00 00 00 00 00 00 00 00 00 00 00 00 00 00 00 00 00 00 00 00 00 00 00 00 00 00 00 00 00 00 00 00 00 00 00 00 00 00 00 00 00 00 00 00 00 00 00 00 00 00 00 00 00 00 00 00 00 00 00 00 00 00 00 00 00 00 00 00 00 00 00 00 00 00 00 00 00 00 00 00 00 00 00 00 00 00 00 00 00 00 00 00 00 00 00 00 00 00 00 00 00 00 00 00 00 00 00 00 00 00 00 00 00 00 00 00 00 00 00 00 00 00 00 00 00 00 00 00 00 00
14:40:52.105 设备发送:68 0E 36 00 6E 00 01 01 03 00 01 00 C5 00 00 01
14:40:52.230 设备接收:68 04 01 00 38 00
14:40:52.307 设备发送:68 0E 38 00 6E 00 01 01 03 00 01 00 C6 00 00 00
14:40:52.510 设备发送:68 20 3A 00 6E 00 1E 02 03 00 01 00 C5 00 00 01 65 C5 28 0E 0A 01 19 C6 00 00 00 7A C5 28 0E 0A 01 19
14:40:52.731 设备发送:68 E4 3C 00 6E 00 0D AB 14 00 01 00 FB 42 00 00 00 00 00 00 00 00 00 00 00 00 00 00 00 00 00 00 00 00 00 00 00 00 00 00 00 00 00 00 00 00 00 00 00 00 00 00 00 00 00 00 00 00 00 00 00 00 00 00 00 00 00 20 42 00 00 00 00 00 00 00 00 00 00 00 00 00 00 00 00 00 00 00 00 00 00 00 00 00 00 00 00 00 00 00 00 00 00 00 00 00 00 00 00 00 00 00 00 00 00 00 00 00 00 00 00 00 00 00 00 00 00 00 00 00 00 00 00 00 00 00 00 00 00 00 00 00 00 00 00 00 00 00 00 00 00 00 00 00 00 00 00 00 00 00 00 00 00 00 00 00 00 00 00 00 00 00 00 00 00 00 00 00 00 00 00 00 00 00 00 00 00 00 00 00 00 00 00 00 00 00 00 00 00 00 00 00 00 00 00 00 00 00 00 00 00 00 00 00 00 00 00 00 00 00 00 00 00 00 00 00 00 00 00 00
14:40:52.933 设备发送:68 D0 3E 00 6E 00 0D A7 14 00 01 00 26 43 00 00 00 00 00 00 00 00 00 00 00 00 00 00 00 00 00 00 00 00 00 00 00 00 00 00 00 00 00 00 00 00 00 00 00 00 00 00 00 00 00 00 00 00 00 00 00 00 00 00 00 00 00 00 00 00 00 00 00 00 00 00 00 00 00 00 00 00 00 00 00 00 00 00 00 00 00 00 00 00 00 00 00 00 00 00 00 00 00 00 00 00 00 00 00 00 00 00 00 00 00 00 00 00 00 00 00 00 00 00 00 00 00 00 00 00 00 00 00 00 00 00 00 00 00 00 00 00 00 00 00 00 00 00 00 00 00 00 00 00 00 00 00 00 00 00 00 00 00 00 00 00 00 00 00 00 00 00 00 00 00 00 00 04 42 00 00 00 00 00 00 00 00 00 00 00 00 00 00 00 00 00 00 00 00 00 00 00 00 00 00 00 00 00 00 00
14:40:53.026 设备接收:68 04 01 00 40 00
14:40:53.151 设备发送:68 0E 40 00 6E 00 64 01 0A 00 01 00 00 00 00 14
14:40:55.728 设备发送:68 5A 42 00 6E 00 0D 0A 03 00 01 00 45 41 00 33 73 43 44 00 46 41 00 9A 39 42 44 00 47 41 00 CD EC 42 44 00 48 41 00 33 93 43 44 00 49 41 00 A4 70 9A 42 00 59 41 00 C2 F5 A8 40 00 5A 41 00 A4 70 A5 40 00 5B 41 00 0A D7 23 40 00 5C 41 00 00 00 B0 40 00 5D 41 00 33 33 DB 41 00
14:40:56.650 设备接收:68 04 01 00 44 00
14:40:59.750 设备发送:68 5A 44 00 6E 00 0D 0A 03 00 01 00 4A 41 00 9A 19 43 44 00 4B 41 00 00 C0 3F 44 00 4C 41 00 00 00 2D 44 00 4D 41 00 67 E6 40 44 00 4E 41 00 9A 99 42 44 00 5E 41 00 85 EB 31 40 00 5F 41 00 1E 85 2B 40 00 60 41 00 52 B8 3E 40 00 61 41 00 52 B8 2E 40 00 62 41 00 E1 7A 34 40 00
14:41:03.089 设备接收:68 04 01 00 46 00
14:41:05.293 设备接收:68 0C 6E 00 46 00 C9 01 06 00 01 00 00 00
14:41:05.388 设备发送:68 18 46 00 70 00 C9 01 07 00 01 00 00 00 00 00 00 00 00 01 00 00 00 00 00 00
14:41:07.817 设备发送:68 12 48 00 70 00 0D 01 03 00 01 00 7E 41 00 00 80 CC 43 00
14:41:08.691 设备接收:68 04 01 00 4A 00
14:41:10.919 设备接收:68 0C 70 00 4A 00 CA 00 06 00 01 00 00 00
14:41:11.200 设备发送:68 0C 4A 00 72 00 CA 00 07 00 01 00 00 00

