16:23:08.514 设备接收:68 04 01 00 16 02
16:23:13.246 设备发送:68 22 16 02 1A 00 0D 03 03 00 01 00 2A 40 00 5C 8F 82 40 00 C4 40 00 33 53 39 44 00 DB 40 00 33 33 DF 41 00
16:23:16.584 设备接收:68 04 01 00 18 02
16:23:17.271 设备发送:68 12 18 02 1A 00 0D 01 03 00 01 00 C8 40 00 CD EC 17 44 00
16:23:20.581 设备接收:68 04 01 00 1A 02
16:23:29.336 设备发送:68 12 1A 02 1A 00 0D 01 03 00 01 00 FB 40 00 00 00 3C 42 00
16:23:32.664 设备接收:68 04 01 00 1C 02
16:23:37.382 设备发送:68 22 1C 02 1A 00 0D 03 03 00 01 00 30 41 00 67 66 67 43 00 33 41 00 1E 85 D3 40 00 37 41 00 00 00 80 40 00
16:23:40.695 设备接收:68 04 01 00 1E 02
16:23:45.416 设备发送:68 1A 1E 02 1A 00 0D 02 03 00 01 00 0D 40 00 5C 8F 82 C0 00 35 41 00 29 5C DF 40 00
16:23:48.752 设备接收:68 04 01 00 20 02
16:23:49.437 设备发送:68 12 20 02 1A 00 0D 01 03 00 01 00 19 40 00 66 66 86 40 00
16:23:52.744 设备接收:68 04 01 00 22 02
16:23:53.465 设备发送:68 32 22 02 1A 00 0D 05 03 00 01 00 04 41 00 67 C6 3F 44 00 05 41 00 CD EC 48 44 00 06 41 00 9A F9 44 44 00 07 41 00 33 73 36 44 00 1C 41 00 33 33 2B 41 00
16:23:56.746 设备接收:68 04 01 00 24 02
16:23:57.469 设备发送:68 32 24 02 1A 00 0D 05 03 00 01 00 0B 40 00 E1 7A 04 C1 00 09 41 00 00 C0 3F 44 00 0A 41 00 CD 8C 3B 44 00 0B 41 00 00 A0 2D 44 00 0D 41 00 CD 4C 09 43 00
16:24:00.774 设备接收:68 04 01 00 26 02
16:24:09.543 设备发送:68 1A 26 02 1A 00 0D 02 03 00 01 00 37 40 00 AE 47 21 41 00 3C 41 00 00 00 20 42 00
16:24:10.411 设备接收:68 0E 1A 00 28 02 64 01 06 00 01 00 00 00 00 14
16:24:10.535 设备发送:68 0E 28 02 1C 00 64 01 07 00 01 00 00 00 00 14
16:24:10.760 设备发送:68 8C 2A 02 1C 00 01 FF 14 00 01 00 01 00 00 01 00 00 00 00 00 01 01 01 00 00 00 01 00 00 00 00 00 00 00 00 00 00 00 00 00 00 00 00 00 00 00 00 00 00 00 00 00 00 00 00 00 00 00 00 00 00 00 00 00 00 00 00 00 00 00 00 00 01 00 00 00 00 00 00 00 00 00 00 00 00 00 00 00 00 00 00 00 00 00 00 00 00 00 00 00 00 00 00 00 00 00 00 00 00 00 00 00 00 00 00 00 00 00 01 00 00 00 00 00 00 00 00 00 00 00 00 00 00 00 00 00 00 00 00 00 00
16:24:10.956 设备发送:68 8C 2C 02 1C 00 01 FF 14 00 01 00 80 00 00 00 00 00 00 00 00 00 00 00 00 00 00 00 00 00 00 00 00 00 00 00 00 00 01 00 00 00 00 00 00 00 00 00 00 00 00 00 00 00 00 00 00 00 00 00 00 00 00 00 00 00 00 00 00 00 00 00 00 00 00 00 00 00 00 00 00 00 00 00 01 00 00 00 00 00 00 00 00 00 00 00 00 00 00 00 00 00 00 00 00 00 00 00 00 00 00 00 00 00 00 00 00 00 00 00 00 00 00 00 00 00 00 00 00 00 01 00 00 00 00 00 00 00 00 00 00 00
16:24:11.051 设备接收:68 04 01 00 2E 02
16:24:11.165 设备发送:68 8C 2E 02 1C 00 01 FF 14 00 01 00 FF 00 00 00 00 00 00 00 00 00 00 00 00 00 00 00 00 00 00 00 00 00 00 00 00 00 00 00 00 00 00 00 00 00 00 00 00 01 00 00 00 00 00 00 00 00 00 00 00 00 00 00 00 00 00 00 00 00 00 00 00 00 00 00 00 00 00 00 00 00 00 00 00 00 00 00 00 00 00 00 00 00 00 01 00 00 00 00 00 00 00 00 00 00 00 00 00 00 00 00 00 00 00 00 00 00 00 00 00 00 00 00 00 00 00 00 00 00 00 00 00 00 00 00 00 00 00 00 00 01
16:24:11.362 设备发送:68 8C 30 02 1C 00 01 FF 14 00 01 00 7E 01 00 00 00 00 00 00 00 00 00 00 00 00 00 00 00 00 00 00 00 00 00 00 00 00 00 00 00 00 00 00 00 00 00 00 00 00 00 00 00 00 00 00 00 00 00 00 01 00 00 00 00 00 00 00 00 00 00 00 00 00 00 00 00 00 00 00 00 00 00 00 00 00 00 00 00 00 00 00 00 00 00 00 00 00 00 00 00 00 00 00 00 00 01 00 00 00 00 00 00 00 00 00 00 00 00 00 00 00 00 00 00 00 00 00 00 00 00 00 00 00 00 00 00 00 00 00 00 00
16:24:11.566 设备发送:68 42 32 02 1C 00 01 B5 14 00 01 00 FD 01 00 00 00 00 00 00 00 00 00 00 00 01 00 00 00 00 00 00 00 00 00 00 00 00 00 00 00 00 00 00 00 00 00 00 00 00 00 00 00 00 00 00 00 00 00 00 00 00 00 00 00 00 00 00
16:24:11.791 设备发送:68 E4 34 02 1C 00 0D AB 14 00 01 00 01 40 00 33 B3 68 43 00 00 00 69 43 00 CD 4C 69 43 00 00 00 00 00 00 00 00 00 00 00 67 66 E6 3F 00 A4 70 9D C0 00 00 00 00 00 00 C2 F5 28 C0 00 99 99 19 C0 00 5C 8F 02 C1 00 8F C2 F5 BD 00 5C 8F 82 C0 00 66 66 86 C0 00 9C C4 00 BF 00 3D 0A 48 42 00 CD 4C 68 43 00 67 E6 68 43 00 67 66 68 43 00 00 00 00 00 00 CD CC CC 3F 00 CD CC CC 3F 00 33 33 53 41 00 70 3D 8A 40 00 70 3D 8A 40 00 7B 14 8E 40 00 8F C2 F5 BE 00 8F C2 75 BE 00 8F C2 75 BE 00 00 00 00 00 00 00 00 80 3F 00 3D 0A 48 42 00 33 B3 67 43 00 67 E6 68 43 00 9A 99 69 43 00 00 00 00 00 00 00 00 C0 3F 00 CD CC CC 3F 00 99 99 49 41 00 66 66 86 40 00 66 66 86 40 00 A3 70 7D 40 00 8F C2 F5 BE 00
16:24:11.896 设备接收:68 04 01 00 36 02
16:24:11.986 设备发送:68 E4 36 02 1C 00 0D AB 14 00 01 00 2C 40 00 8F C2 F5 BD 00 8F C2 75 BE 00 00 00 00 00 00 00 00 80 3F 00 3D 0A 48 42 00 00 00 67 43 00 33 B3 68 43 00 00 00 69 43 00 00 00 00 00 00 67 66 A6 3F 00 9A 99 99 3F 00 AE 47 21 41 00 29 5C 4F 40 00 29 5C 4F 40 00 52 B8 5E 40 00 8F C2 75 BE 00 8F C2 75 BE 00 8F C2 F5 BD 00 8F C2 F5 BD 00 00 00 80 3F 00 7B 14 48 42 00 00 00 97 42 00 67 66 97 42 00 33 F3 09 44 00 9A 99 96 42 00 66 66 EE 40 00 00 E0 1E 44 00 CD CC 92 42 00 CD CC 94 42 00 9A 99 94 42 00 33 33 95 42 00 CD CC CC 3D 00 CD CC CC 3D 00 00 00 00 00 00 00 00 00 00 00 00 00 00 00 00 00 00 00 00 00 00 00 00 00 00 00 00 00 00 00 00 00 00 00 00 00 00 00 00 00 00 00 00 00 00 00 00 00 00 00
16:24:12.206 设备发送:68 DA 38 02 1C 00 0D A9 14 00 01 00 57 40 00 00 00 00 40 00 00 00 00 00 00 9A 99 99 3E 00 14 AE 87 3F 00 00 00 00 00 00 CC CC 4C 3D 00 0A D7 23 3C 00 00 00 00 00 00 00 00 00 00 00 00 00 00 00 00 00 00 00 00 00 00 00 00 00 00 00 00 00 00 00 00 00 00 00 00 00 00 00 00 00 00 00 00 00 00 00 00 00 00 00 00 00 00 00 00 00 00 00 00 00 00 00 00 00 00 00 00 00 00 00 00 00 00 00 00 33 33 68 43 00 00 00 68 43 00 00 80 68 43 00 C2 F5 A8 40 00 CD CC AC 40 00 B8 1E A5 40 00 00 00 00 00 00 7B 14 CE 3F 00 00 00 80 BE 00 00 00 00 00 00 47 E1 47 42 00 00 00 00 00 00 00 00 40 42 00 00 C0 39 44 00 00 00 DC 42 00 00 00 00 00 00 00 00 00 00 00 00 00 00 00 00 00 00 00 00 00
16:24:12.410 设备发送:68 E4 3A 02 1C 00 0D AB 14 00 01 00 80 40 00 00 00 00 00 00 00 00 00 00 00 9A 99 1F 44 00 CD EC 18 44 00 CD CC BA 42 00 00 00 BB 42 00 7B 14 6D 42 00 33 73 20 44 00 CD EC 11 44 00 9A 99 BA 42 00 9A 99 BA 42 00 9A 99 BA 42 00 00 00 00 00 00 00 00 00 00 00 00 00 00 00 00 00 00 00 00 00 00 00 00 00 00 00 00 00 00 00 00 00 00 00 00 00 00 00 00 00 00 00 00 00 00 00 00 00 00 00 B8 1E 05 40 00 47 E1 9A 3F 00 00 00 00 00 00 00 00 00 00 00 33 33 9F 41 00 14 AE 07 40 00 70 3D 4A 3F 00 0A D7 23 3C 00 00 00 00 00 00 00 00 00 00 00 00 00 00 00 00 8F C2 F5 3C 00 00 00 00 00 00 00 00 00 00 00 00 00 00 00 00 00 00 00 00 00 00 00 00 00 00 00 00 00 00 00 00 00 00 00 00 00 00 00 00 00 00 00 00 00 00
16:24:12.629 设备发送:68 E4 3C 02 1C 00 0D AB 14 00 01 00 AB 40 00 00 00 00 00 00 00 00 00 00 00 00 00 00 00 00 00 80 68 43 00 33 B3 68 43 00 CD 4C 69 43 00 99 99 E1 40 00 EB 51 E8 40 00 70 3D EA 40 00 00 00 00 00 00 99 99 91 40 00 AE 47 E1 3D 00 00 00 00 00 00 F5 28 48 42 00 00 00 00 00 00 00 00 48 42 00 00 C0 34 44 00 00 00 DC 42 00 00 00 00 00 00 00 00 00 00 00 00 00 00 00 00 00 00 00 00 00 00 00 00 00 00 00 00 00 00 00 33 13 39 44 00 33 53 39 44 00 CD EC 38 44 00 00 80 38 44 00 7B 94 93 42 00 CD EC 17 44 00 67 66 E4 42 00 9A 99 E5 42 00 00 00 E3 42 00 CD CC E4 42 00 00 00 C0 3F 00 33 33 33 3F 00 00 00 00 00 00 00 00 00 00 00 00 00 00 00 00 00 00 00 00 00 00 00 00 00 00 00 00 00 00 00 00 00 00 00 00
16:24:12.707 设备接收:68 04 01 00 3E 02
16:24:12.808 设备发送:68 DA 3E 02 1C 00 0D A9 14 00 01 00 D6 40 00 00 00 00 00 00 AE 47 11 40 00 D7 A3 10 40 00 F6 28 0C 40 00 1F 85 0B 40 00 33 33 DF 41 00 0A D7 C3 3F 00 00 00 00 00 00 00 00 00 00 00 0A D7 A3 3C 00 0A D7 23 3D 00 0A D7 23 3C 00 8F C2 F5 3C 00 00 00 00 00 00 00 00 00 00 00 00 00 00 00 00 00 00 00 00 00 00 00 00 00 00 00 00 00 00 00 00 00 00 00 00 00 00 00 00 00 00 00 00 00 00 00 00 00 00 00 00 00 00 00 00 00 00 00 00 00 33 B3 68 43 00 00 80 68 43 00 67 E6 68 43 00 5C 8F 46 41 00 0A D7 47 41 00 29 5C 4B 41 00 00 00 00 00 00 29 5C 07 41 00 0A D7 23 BD 00 00 00 00 00 00 B8 1E 48 42 00 00 00 00 00 00 00 00 3C 42 00 00 C0 30 44 00 00 00 DC 42 00 00 00 00 00 00
16:24:13.021 设备发送:68 E4 40 02 1C 00 0D AB 14 00 01 00 FF 40 00 00 00 00 00 00 00 00 00 00 00 00 00 00 00 00 00 00 00 00 00 00 00 00 00 00 67 C6 3F 44 00 CD EC 48 44 00 9A F9 44 44 00 33 73 36 44 00 52 B8 97 42 00 00 C0 3F 44 00 CD 8C 3B 44 00 00 A0 2D 44 00 00 80 08 43 00 CD 4C 09 43 00 00 00 00 00 00 00 00 00 3F 00 00 00 00 00 00 00 00 00 00 00 00 00 00 00 00 00 00 00 00 00 00 00 00 00 00 00 00 00 00 00 00 00 00 00 00 00 00 00 00 00 70 3D 8A 3F 00 33 33 33 3F 00 5C 8F 02 3F 00 AE 47 61 3F 00 33 33 2B 41 00 D7 A3 90 3F 00 E1 7A 14 3F 00 F6 28 1C 3F 00 00 00 00 00 00 8F C2 F5 3C 00 00 00 00 00 00 0A D7 23 3C 00 00 00 00 00 00 00 00 00 00 00 00 00 00 00 00 00 00 00 00 00 00 00 00 00 00 00 00 00 00 00
16:24:13.240 设备发送:68 E4 42 02 1C 00 0D AB 14 00 01 00 2A 41 00 00 00 00 00 00 00 00 00 00 00 00 00 00 00 00 00 00 00 00 00 00 00 00 00 00 00 00 00 00 00 67 66 67 43 00 33 B3 67 43 00 67 66 68 43 00 1E 85 D3 40 00 85 EB D9 40 00 29 5C DF 40 00 00 00 00 00 00 00 00 80 40 00 29 5C 0F BE 00 00 00 00 00 00 00 00 48 42 00 00 00 00 00 00 00 00 20 42 00 00 C0 15 44 00 00 00 DC 42 00 00 00 00 00 00 00 00 00 00 00 00 00 00 00 00 00 00 00 00 00 00 00 00 00 00 00 00 00 00 00 9A B9 3E 44 00 9A F9 39 44 00 00 80 3D 44 00 CD AC 3E 44 00 47 61 9A 42 00 33 53 3F 44 00 67 26 39 44 00 CD EC 3E 44 00 33 D3 3E 44 00 CD EC 3E 44 00 00 00 00 00 00 00 00 00 00 00 00 00 00 00 00 00 00 00 00 00 00 00 00 00 00 00 00 00 00 00
16:24:13.450 设备发送:68 DA 44 02 1C 00 0D A9 14 00 01 00 55 41 00 00 00 00 00 00 00 00 00 00 00 00 00 00 00 00 00 00 00 00 00 5C 8F A2 3F 00 99 99 99 3F 00 F6 28 1C 3F 00 EB 51 B8 3F 00 33 33 E3 40 00 D7 A3 30 3F 00 66 66 26 3F 00 7B 14 2E 3F 00 33 33 33 3F 00 52 B8 1E 3F 00 00 00 00 00 00 0A D7 23 3C 00 00 00 00 00 00 00 00 00 00 00 00 00 00 00 00 00 00 00 00 00 00 00 00 00 00 00 00 00 00 00 00 00 00 00 00 00 00 00 00 00 00 00 00 00 00 00 00 00 00 00 00 00 00 00 00 00 00 00 00 00 33 33 68 43 00 9A 99 67 43 00 67 E6 68 43 00 5C 8F 02 41 00 1F 85 07 41 00 C2 F5 08 41 00 00 00 00 00 00 EB 51 90 40 00 33 33 B3 BE 00 00 00 00 00 00 7B 14 48 42 00 00 00 00 00 00 00 00 4C 42 00
16:24:13.541 设备接收:68 04 01 00 46 02
16:24:13.661 设备发送:68 E4 46 02 1C 00 0D AB 14 00 01 00 7E 41 00 00 80 FC 43 00 00 00 DC 42 00 00 00 00 00 00 00 00 00 00 00 00 00 00 00 00 00 00 00 00 00 00 00 00 00 00 00 00 00 00 00 CD 8C 39 44 00 CD 2C 41 44 00 CD CC 3A 44 00 9A B9 3A 44 00 70 BD 98 42 00 33 73 39 44 00 33 33 3D 44 00 67 46 3A 44 00 33 33 32 44 00 67 46 35 44 00 00 00 00 00 00 00 00 00 00 00 00 00 00 00 00 00 00 00 00 00 00 00 00 00 00 00 00 00 00 00 00 00 00 00 00 00 00 00 00 00 00 00 00 00 00 00 00 00 00 00 5C 8F A2 3F 00 99 99 99 3F 00 CD CC 0C 3F 00 C2 F5 28 3F 00 CD CC DC 40 00 52 B8 1E 3F 00 66 66 26 3F 00 29 5C 4F 3F 00 AE 47 E1 3E 00 F5 28 DC 3E 00 00 00 00 00 00 8F C2 75 3D 00 00 00 00 00 00 00 00 00 00 00 00 00 00 00 00
16:24:13.865 设备发送:68 E4 48 02 1C 00 0D AB 14 00 01 00 A9 41 00 00 00 00 00 00 00 00 00 00 00 00 00 00 00 00 00 00 00 00 00 00 00 00 00 00 00 00 00 00 00 00 00 00 00 00 00 00 00 00 00 00 00 00 00 00 00 80 67 43 00 33 B3 67 43 00 CD CC 68 43 00 AE 47 F1 40 00 A3 70 ED 40 00 66 66 F6 40 00 00 00 00 00 00 99 99 99 40 00 CC CC CC 3D 00 00 00 00 00 00 47 E1 47 42 00 00 00 00 00 00 00 00 4C 42 00 00 00 F3 43 00 00 00 DC 42 00 00 00 00 00 00 00 00 00 00 00 00 00 00 00 00 00 00 00 00 00 00 00 00 00 00 00 00 00 00 00 00 20 39 44 00 9A 39 3D 44 00 00 40 35 44 00 CD EC 3C 44 00 CD CC 9B 42 00 00 C0 40 44 00 33 B3 3E 44 00 00 20 31 44 00 CD CC 28 44 00 9A 19 28 44 00 00 00 00 00 00 00 00 00 00 00 00 00 00 00 00
16:24:14.083 设备发送:68 DA 4A 02 1C 00 0D A9 14 00 01 00 D4 41 00 00 00 00 00 00 00 00 00 00 00 00 00 00 00 00 00 00 00 00 00 00 00 00 00 00 00 00 00 00 00 00 00 00 00 00 C2 F5 A8 3F 00 7B 14 2E 3F 00 AE 47 21 3F 00 F6 28 1C 3F 00 67 66 B6 40 00 C2 F5 28 3F 00 00 00 40 3F 00 F6 28 9C 3F 00 D7 A3 70 3F 00 85 EB 51 3F 00 00 00 00 00 00 CC CC 4C 3D 00 00 00 00 00 00 00 00 00 00 00 00 00 00 00 00 00 00 00 00 00 00 00 00 00 00 00 00 00 00 00 00 00 00 00 00 00 00 00 00 00 00 00 00 00 00 00 00 00 00 00 00 00 00 00 00 00 00 00 00 00 67 E6 67 43 00 67 66 67 43 00 33 33 68 43 00 D7 A3 F8 40 00 33 33 FB 40 00 00 00 00 41 00 00 00 00 00 00 14 AE 9F 40 00 8F C2 F5 3D 00 00 00 00 00 00
16:24:14.269 设备发送:68 E4 4C 02 1C 00 0D AB 14 00 01 00 FD 41 00 C2 F5 47 42 00 00 00 00 00 00 00 00 48 42 00 00 00 03 44 00 00 00 DC 42 00 00 00 00 00 00 00 00 00 00 00 00 00 00 00 00 00 00 00 00 00 00 00 00 00 00 00 00 00 00 00 9A F9 3C 44 00 CD 6C 4B 44 00 67 A6 44 44 00 9A 99 F7 42 00 85 6B 96 42 00 9A B9 3D 44 00 00 A0 39 44 00 9A 99 F6 42 00 33 33 F6 42 00 00 00 F7 42 00 00 00 00 00 00 CD CC CC 3D 00 00 00 00 00 00 00 00 00 00 00 00 00 00 00 00 00 00 00 00 00 00 00 00 00 00 00 00 00 00 00 00 00 00 00 00 00 00 00 00 00 00 00 80 3F 00 8F C2 75 3F 00 A3 70 7D 3F 00 00 00 00 00 00 00 00 30 41 00 AE 47 81 3F 00 5C 8F 82 3F 00 00 00 00 00 00 00 00 00 00 00 00 00 00 00 00 00 00 00 00 00 0A D7 A3 3C 00
16:24:14.378 设备接收:68 04 01 00 4E 02
16:24:14.473 设备发送:68 E4 4E 02 1C 00 0D AB 14 00 01 00 28 42 00 00 00 00 00 00 00 00 00 00 00 00 00 00 00 00 00 00 00 00 00 00 00 00 00 00 00 00 00 00 00 00 00 00 00 00 00 00 00 00 00 00 00 00 00 00 00 00 00 00 00 00 00 00 00 00 00 00 00 00 00 CD CC 67 43 00 CD 4C 67 43 00 CD 4C 68 43 00 F5 28 CC 40 00 D7 A3 D0 40 00 29 5C DF 40 00 00 00 00 00 00 29 5C 7F 40 00 C2 F5 A8 BE 00 00 00 00 00 00 47 E1 47 42 00 00 00 00 00 00 00 00 30 42 00 00 00 24 44 00 00 00 DC 42 00 00 00 00 00 00 00 00 00 00 00 00 00 00 00 00 00 00 00 00 00 00 00 00 00 00 00 00 00 00 00 33 33 3D 44 00 CD 6C 3C 44 00 9A 99 3A 44 00 CD 0C 3B 44 00 D7 A3 98 42 00 00 60 3C 44 00 9A D9 42 44 00 00 E0 38 44 00 67 66 04 43 00 33 B3 04 43 00
16:24:14.691 设备发送:68 DA 50 02 1C 00 0D A9 14 00 01 00 53 42 00 33 33 33 3F 00 CD CC CC 3E 00 00 00 00 00 00 00 00 00 00 00 00 00 00 00 00 00 00 00 00 00 00 00 00 00 00 00 00 00 00 00 00 00 00 00 00 00 00 00 00 00 1E 85 6B 3F 00 99 99 99 3F 00 14 AE 87 3F 00 66 66 E6 3E 00 9A 99 19 41 00 B8 1E 85 3F 00 EB 51 78 3F 00 47 E1 FA 3E 00 0A D7 23 3D 00 00 00 00 00 00 00 00 00 00 00 0A D7 23 3C 00 00 00 00 00 00 00 00 00 00 00 00 00 00 00 00 00 00 00 00 00 00 00 00 00 00 00 00 00 00 00 00 00 00 00 00 00 00 00 00 00 00 00 00 00 00 00 00 00 00 00 00 00 00 00 00 00 00 00 00 00 9A 99 67 43 00 CD 4C 67 43 00 CD 4C 68 43 00 85 EB E1 40 00 70 3D E2 40 00 70 3D EA 40 00 00 00 00 00 00
16:24:14.908 设备发送:68 E4 52 02 1C 00 0D AB 14 00 01 00 7C 42 00 D7 A3 90 40 00 0A D7 23 BE 00 00 00 00 00 00 7B 14 48 42 00 00 00 00 00 00 00 00 34 42 00 00 80 18 44 00 00 00 DC 42 00 00 00 00 00 00 00 00 00 00 00 00 00 00 00 00 00 00 00 00 00 00 00 00 00 00 00 00 00 00 00 33 F3 3F 44 00 9A B9 3E 44 00 33 B3 40 44 00 00 20 3B 44 00 C2 F5 96 42 00 67 46 42 44 00 67 A6 39 44 00 CD CC FB 42 00 00 00 FF 42 00 67 66 FE 42 00 00 00 80 3F 00 00 00 80 3F 00 00 00 00 00 00 00 00 00 00 00 00 00 00 00 00 00 00 00 00 00 00 00 00 00 00 00 00 00 00 00 00 00 00 00 00 00 00 00 00 00 EB 51 98 3F 00 1E 85 6B 3F 00 EB 51 78 3F 00 0A D7 83 3F 00 CD CC 2C 41 00 00 00 80 3F 00 B8 1E 05 3F 00 00 00 00 00 00 8F C2 75 3D 00
16:24:15.120 设备发送:68 E4 54 02 1C 00 0D AB 14 00 01 00 A7 42 00 00 00 00 00 00 00 00 00 00 00 0A D7 23 3C 00 00 00 00 00 00 00 00 00 00 00 00 00 00 00 00 00 00 00 00 00 00 00 00 00 00 00 00 00 00 00 00 00 00 00 00 00 00 00 00 00 00 00 00 00 00 00 00 00 00 00 00 00 00 00 00 00 00 00 00 00 CD 4C 67 43 00 33 B3 67 43 00 00 80 68 43 00 47 E1 DA 40 00 33 33 DB 40 00 F5 28 E4 40 00 00 00 00 00 00 85 EB 89 40 00 3D 0A D7 BE 00 00 00 00 00 00 47 E1 47 42 00 00 00 00 00 00 00 00 48 42 00 00 40 10 44 00 00 00 DC 42 00 00 00 00 00 00 00 00 00 00 00 00 00 00 00 00 00 00 00 00 00 00 00 00 00 00 00 00 00 00 00 00 60 39 44 00 33 73 33 44 00 9A 19 2B 44 00 33 13 35 44 00 00 00 00 00 00 00 00 00 00 00 00 00 00 00 00
16:24:15.197 设备接收:68 04 01 00 56 02
16:24:15.301 设备发送:68 DA 56 02 1C 00 0D A9 14 00 01 00 D2 42 00 00 00 00 00 00 00 00 00 00 00 00 00 00 00 00 00 00 00 00 00 00 00 00 00 00 00 00 00 00 00 00 00 00 00 00 00 00 00 00 00 00 00 00 00 00 00 00 00 00 00 00 00 00 00 00 00 00 00 00 00 00 00 00 00 00 5C 8F 82 3F 00 99 99 19 3F 00 70 3D 0A 3F 00 70 3D 0A 3F 00 00 00 00 00 00 00 00 00 00 00 00 00 00 00 00 00 00 00 00 00 00 00 00 00 00 00 00 00 00 00 00 00 00 00 00 00 00 00 00 00 00 00 00 00 00 00 00 00 00 00 00 00 00 00 00 00 00 00 00 00 00 00 00 00 00 00 00 00 00 00 00 00 00 00 00 00 00 00 00 00 00 00 00 00 00 00 00 00 00 00 00 00 00 00 00 00 00 00 00 00 CD 4C 69 43 00 00 00 69 43 00 CD 4C 69 43 00 47 E1 3A 40 00
16:24:15.505 设备发送:68 E4 58 02 1C 00 0D AB 14 00 01 00 FB 42 00 29 5C 3F 40 00 33 33 33 40 00 00 00 00 00 00 99 99 D9 3F 00 D7 A3 F0 BE 00 00 00 00 00 00 47 E1 47 42 00 00 00 00 00 00 00 00 88 41 00 00 00 C4 43 00 00 00 20 42 00 00 00 00 00 00 00 00 00 00 00 00 00 00 00 00 00 00 00 00 00 00 00 00 00 00 00 00 00 00 00 CD 6C 2C 44 00 9A D9 3C 44 00 9A 99 E4 42 00 00 00 A5 43 00 00 00 00 00 00 00 00 00 00 00 00 00 00 00 00 00 00 00 00 00 00 00 00 00 00 00 00 00 00 00 00 00 00 00 00 00 00 00 00 00 00 00 00 00 00 00 00 00 00 00 00 00 00 00 00 00 00 00 00 00 00 00 00 00 00 00 00 00 00 00 00 00 00 00 00 00 00 00 00 00 C2 F5 68 3F 00 1E 85 6B 3F 00 00 00 00 00 00 00 00 00 00 00 00 00 00 00 00 00 00 00 00 00
16:24:15.738 设备发送:68 D0 5A 02 1C 00 0D A7 14 00 01 00 26 43 00 00 00 00 00 00 00 00 00 00 00 00 00 00 00 00 00 00 00 00 00 00 00 00 00 00 00 00 00 00 00 00 00 00 00 00 00 00 00 00 00 00 00 00 00 00 00 00 00 00 00 00 00 00 00 00 00 00 00 00 00 00 00 00 00 00 00 00 00 00 00 00 00 00 00 00 00 00 00 00 00 00 00 00 00 00 00 00 00 00 00 67 66 69 43 00 CD 4C 68 43 00 33 33 69 43 00 33 33 23 40 00 33 33 23 40 00 A4 70 1D 40 00 00 00 00 00 00 CD CC AC 3F 00 CD CC 0C BF 00 00 00 00 00 00 B8 1E 48 42 00 00 00 00 00 00 00 00 D8 41 00 00 80 C1 43 00 00 00 04 42 00 00 00 00 00 00 00 00 00 00 00 00 00 00 00 00 00 00 00 00 00 00 00 00 00 00 00 00 00 00 00
16:24:15.932 设备发送:68 0E 5C 02 1C 00 64 01 0A 00 01 00 00 00 00 14
16:24:16.020 设备接收:68 0E 1C 00 5E 02 65 01 06 00 01 00 00 00 00 05 68 04 01 00 5E 02
16:24:16.143 设备发送:68 0E 5E 02 1E 00 65 01 07 00 01 00 00 00 00 05
16:24:16.344 设备发送:68 99 60 02 1E 00 CE 9C 25 00 01 00 01 64 00 D7 A3 2E 42 00 CD 15 A5 46 00 DC 62 AC 46 00 0F 45 91 46 00 EB D1 BA 42 00 67 2E E1 46 00 85 6B 82 43 00 80 68 A4 47 00 8F 22 B4 43 00 8D 32 D9 47 00 F6 E8 2C 43 00 CD F9 82 47 00 14 6E 33 43 00 B3 51 BB 47 00 F6 68 22 43 00 5A 12 AD 47 00 A4 F0 2E 43 00 5A 5A 97 47 00 B8 DE 0B 43 00 C0 5B A8 47 00 C2 B5 1E 43 00 E7 E6 C0 47 00 47 21 16 43 00 E7 F3 B1 47 00 3D 0A 6A 42 00 CD 15 EE 46 00 C2 F5 37 42 00 CD 25 D0 46 00
16:24:16.534 设备发送:68 0E 62 02 1E 00 65 01 0A 00 01 00 00 00 00 05
16:24:17.750 设备发送:68 12 64 02 1E 00 0D 01 03 00 01 00 74 41 00 52 B8 DE 40 00
16:24:17.874 设备接收:68 04 01 00 66 02
16:24:21.763 设备发送:68 12 66 02 1E 00 0D 01 03 00 01 00 75 41 00 EB 51 E8 40 00
16:24:25.082 设备接收:68 04 01 00 68 02
16:24:25.792 设备发送:68 12 68 02 1E 00 0D 01 03 00 01 00 76 41 00 B8 1E ED 40 00
16:24:29.097 设备接收:68 04 01 00 6A 02
16:24:33.818 设备发送:68 22 6A 02 1E 00 0D 03 03 00 01 00 48 41 00 67 A6 3C 44 00 49 41 00 5C 8F 95 42 00 5D 41 00 CD CC BC 40 00
16:24:37.154 设备接收:68 04 01 00 6C 02
16:24:37.858 设备发送:68 32 6C 02 1E 00 0D 05 03 00 01 00 4A 41 00 33 53 3B 44 00 4B 41 00 CD 2C 3F 44 00 4C 41 00 00 00 41 44 00 4D 41 00 CD CC 3A 44 00 4E 41 00 67 E6 38 44 00
16:24:41.138 设备接收:68 04 01 00 6E 02
16:24:49.904 设备发送:68 12 6E 02 1E 00 0D 01 03 00 01 00 7D 41 00 00 00 48 42 00
16:24:53.196 设备接收:68 04 01 00 70 02
16:24:57.939 设备发送:68 12 70 02 1E 00 0D 01 03 00 01 00 B5 41 00 99 99 C9 40 00
16:25:01.231 设备接收:68 04 01 00 72 02
16:25:01.957 设备发送:68 1A 72 02 1E 00 0D 02 03 00 01 00 B6 41 00 29 5C C7 40 00 B7 41 00 14 AE CF 40 00
16:25:05.253 设备接收:68 04 01 00 74 02
16:25:14.037 设备发送:68 4A 74 02 1E 00 0D 08 03 00 01 00 86 41 00 67 86 3F 44 00 87 41 00 00 20 3D 44 00 88 41 00 33 D3 3C 44 00 89 41 00 67 C6 38 44 00 8A 41 00 CD CC 90 42 00 8D 41 00 67 46 3C 44 00 8E 41 00 33 33 36 44 00 8F 41 00 33 53 3B 44 00
16:25:17.332 设备接收:68 04 01 00 76 02
16:25:27.741 设备接收:68 04 43 00 00 00
16:25:27.768 设备发送:68 04 83 00 00 00
16:25:34.077 设备发送:68 12 76 02 1E 00 0D 01 03 00 01 00 FA 41 00 52 B8 7E 40 00
16:25:37.402 设备接收:68 04 01 00 78 02
16:25:38.125 设备发送:68 1A 78 02 1E 00 0D 02 03 00 01 00 F6 41 00 99 99 D1 40 00 F7 41 00 29 5C D7 40 00
16:25:41.412 设备接收:68 04 01 00 7A 02
16:25:42.131 设备发送:68 12 7A 02 1E 00 0D 01 03 00 01 00 F8 41 00 00 00 E0 40 00
16:25:45.427 设备接收:68 04 01 00 7C 02
16:25:50.140 设备发送:68 1A 7C 02 1E 00 0D 02 03 00 01 00 CA 41 00 9A F9 36 44 00 CB 41 00 C2 F5 96 42 00
16:25:53.458 设备接收:68 04 01 00 7E 02
16:25:54.170 设备发送:68 2A 7E 02 1E 00 0D 04 03 00 01 00 CC 41 00 00 C0 3E 44 00 CE 41 00 00 20 33 44 00 CF 41 00 67 C6 26 44 00 D0 41 00 9A 19 26 44 00
16:25:57.465 设备接收:68 04 01 00 80 02
16:26:07.895 设备接收:68 04 43 00 00 00
16:26:07.989 设备发送:68 04 83 00 00 00
16:26:14.226 设备发送:68 12 80 02 1E 00 0D 01 03 00 01 00 37 42 00 5C 8F AA 40 00
16:26:17.535 设备接收:68 04 01 00 82 02
16:26:26.312 设备发送:68 12 82 02 1E 00 0D 01 03 00 01 00 17 40 00 85 EB 41 41 00
16:26:29.597 设备接收:68 04 01 00 84 02
16:26:30.304 设备发送:68 22 84 02 1E 00 0D 03 03 00 01 00 09 42 00 67 66 45 44 00 0B 42 00 67 66 F4 42 00 20 42 00 9A 99 11 41 00
16:26:33.845 设备接收:68 04 01 00 86 02
16:26:34.332 设备发送:68 22 86 02 1E 00 0D 03 03 00 01 00 0F 42 00 00 00 F3 42 00 10 42 00 00 00 F3 42 00 11 42 00 00 00 F3 42 00
16:26:37.613 设备接收:68 04 01 00 88 02
16:26:46.361 设备发送:68 12 88 02 1E 00 0D 01 03 00 01 00 40 42 00 00 00 3C 42 00
16:26:49.682 设备接收:68 04 01 00 8A 02
16:26:50.368 设备发送:68 12 8A 02 1E 00 0D 01 03 00 01 00 27 40 00 66 66 36 41 00
16:26:53.668 设备接收:68 04 01 00 8C 02
16:26:54.388 设备发送:68 12 8C 02 1E 00 0D 01 03 00 01 00 78 42 00 99 99 C1 40 00
16:26:57.706 设备接收:68 04 01 00 8E 02
16:26:58.412 设备发送:68 1A 8E 02 1E 00 0D 02 03 00 01 00 32 40 00 67 E6 67 43 00 79 42 00 14 AE BF 40 00
16:27:01.723 设备接收:68 04 01 00 90 02
16:27:02.439 设备发送:68 12 90 02 1E 00 0D 01 03 00 01 00 7A 42 00 7B 14 C6 40 00
16:27:05.742 设备接收:68 04 01 00 92 02
16:27:10.475 设备发送:68 32 92 02 1E 00 0D 05 03 00 01 00 49 42 00 67 26 3B 44 00 4B 42 00 67 C6 3C 44 00 4C 42 00 CD 0C 41 44 00 4D 42 00 A4 70 95 42 00 61 42 00 33 33 03 41 00
16:27:13.826 设备接收:68 04 01 00 94 02
16:27:14.528 设备发送:68 22 94 02 1E 00 0D 03 03 00 01 00 4E 42 00 00 60 36 44 00 4F 42 00 CD CC 3E 44 00 50 42 00 00 E0 3A 44 00
16:27:17.824 设备接收:68 04 01 00 96 02
16:27:26.579 设备发送:68 12 96 02 1E 00 0D 01 03 00 01 00 81 42 00 00 00 40 42 00
16:27:29.870 设备接收:68 04 01 00 98 02
16:27:40.309 设备发送:68 04 83 00 00 00
16:27:40.324 设备接收:68 04 43 00 00 00
16:27:50.657 设备发送:68 4A 98 02 1E 00 0D 08 03 00 01 00 37 40 00 00 00 10 41 00 8A 42 00 33 F3 3D 44 00 8B 42 00 00 C0 3A 44 00 8C 42 00 67 86 3C 44 00 8D 42 00 9A 19 3D 44 00 8F 42 00 CD 4C 3C 44 00 90 42 00 33 B3 3D 44 00 A2 42 00 9A 99 11 41 00
16:27:50.766 设备发送:68 04 83 00 00 00
16:27:50.781 设备接收:68 04 43 00 00 00
16:27:54.176 设备接收:68 04 01 00 9A 02
16:28:02.722 设备发送:68 1A 9A 02 1E 00 0D 02 03 00 01 00 07 40 00 5C 8F 82 C0 00 C2 42 00 00 00 08 42 00
16:28:06.044 设备接收:68 04 01 00 9C 02
16:28:06.730 设备发送:68 12 9C 02 1E 00 0D 01 03 00 01 00 0B 40 00 66 66 E6 C0 00
16:28:10.628 设备接收:68 04 01 00 9E 02
16:28:20.485 设备发送:68 04 83 00 00 00
16:28:20.559 设备接收:68 04 43 00 00 00
16:28:26.799 设备发送:68 1A 9E 02 1E 00 0D 02 03 00 01 00 CB 42 00 67 66 3B 44 00 CE 42 00 67 06 33 44 00
16:28:30.334 设备接收:68 04 01 00 A0 02
16:28:40.580 设备接收:68 04 43 00 00 00
16:28:40.595 设备发送:68 04 83 00 00 00
16:28:42.904 设备发送:68 12 A0 02 1E 00 0D 01 03 00 01 00 03 43 00 00 00 80 41 00
16:28:46.189 设备接收:68 04 01 00 A2 02
16:28:56.631 设备接收:68 04 43 00 00 00
16:28:56.692 设备发送:68 04 83 00 00 00
16:29:07.009 设备发送:68 2A A2 02 1E 00 0D 04 03 00 01 00 0C 43 00 CD 6C 2E 44 00 0D 43 00 00 E0 3E 44 00 0E 43 00 33 33 04 43 00 0F 43 00 00 00 A7 43 00
16:29:07.084 设备接收:68 04 43 00 00 00
16:29:07.099 设备发送:68 04 83 00 00 00
16:29:10.323 设备接收:68 04 01 00 A4 02
16:29:20.742 设备发送:68 04 83 00 00 00
16:29:20.756 设备接收:68 04 43 00 00 00
16:29:23.069 设备发送:68 12 A4 02 1E 00 0D 01 03 00 01 00 44 43 00 00 00 D0 41 00
16:29:26.410 设备接收:68 04 01 00 A6 02
16:29:31.099 设备发送:68 12 A6 02 1E 00 0D 01 03 00 01 00 70 40 00 99 99 81 40 00
16:29:34.404 设备接收:68 04 01 00 A8 02
16:29:35.104 设备发送:68 12 A8 02 1E 00 0D 01 03 00 01 00 71 40 00 99 99 89 40 00
16:29:38.442 设备接收:68 04 01 00 AA 02

