
14:10:57.380 设备接收:68 04 43 00 00 00
14:11:07.796 设备接收:68 04 07 00 00 00
14:11:08.014 设备发送:68 04 0B 00 00 00
14:11:08.124 设备发送:68 0E 00 00 00 00 46 01 04 00 01 00 00 00 00 00 68 3A 02 00 00 00 01 0C 03 00 01 00 01 00 00 01 07 00 00 01 08 00 00 01 09 00 00 01 0D 00 00 01 0E 00 00 00 3B 00 00 01 3C 00 00 00 69 00 00 01 6A 00 00 00 97 00 00 01 98 00 00 00
14:11:08.218 设备发送:68 04 01 00 42 00
14:11:08.234 设备接收:68 0E 40 00 52 00 64 01 06 00 01 00 00 00 00 14
14:11:08.328 设备发送:68 8E 04 00 42 00 1E 0C 03 00 01 00 01 00 00 01 B3 BF 08 0E 0A 01 19 07 00 00 01 CE BF 08 0E 0A 01 19 08 00 00 01 DB BF 08 0E 0A 01 19 09 00 00 01 82 C2 08 0E 0A 01 19 0D 00 00 01 8D 0C 09 0E 0A 01 19 0E 00 00 00 96 0C 09 0E 0A 01 19 3B 00 00 01 C4 A5 09 0E 0A 01 19 3C 00 00 00 CD A5 09 0E 0A 01 19 69 00 00 01 51 60 0A 0E 0A 01 19 6A 00 00 00 5E 60 0A 0E 0A 01 19 97 00 00 01 C6 0F 0B 0E 0A 01 19 98 00 00 00 CF 0F 0B 0E 0A 01 19
14:11:08.532 设备发送:68 0E 06 00 42 00 64 01 07 00 01 00 00 00 00 14
14:11:08.626 设备接收:68 04 01 00 08 00
14:11:08.765 设备发送:68 8C 08 00 42 00 01 FF 14 00 01 00 01 00 00 01 00 00 00 00 00 01 01 01 00 00 00 01 00 00 00 00 00 00 00 00 00 00 00 00 00 00 00 00 00 00 00 00 00 00 00 00 00 00 00 00 00 00 00 00 00 00 00 00 00 00 00 00 00 00 00 00 00 01 00 00 00 00 00 00 00 00 00 00 00 00 00 00 00 00 00 00 00 00 00 00 00 00 00 00 00 00 00 00 00 00 00 00 00 00 00 00 00 00 00 00 00 00 00 01 00 00 00 00 00 00 00 00 00 00 00 00 00 00 00 00 00 00 00 00 00 00
14:11:08.968 设备发送:68 8C 0A 00 42 00 01 FF 14 00 01 00 80 00 00 00 00 00 00 00 00 00 00 00 00 00 00 00 00 00 00 00 00 00 00 00 00 00 01 00 00 00 00 00 00 00 00 00 00 00 00 00 00 00 00 00 00 00 00 00 00 00 00 00 00 00 00 00 00 00 00 00 00 00 00 00 00 00 00 00 00 00 00 00 00 01 00 00 00 00 00 00 00 00 00 00 00 00 00 00 00 00 00 00 00 00 00 00 00 00 00 00 00 00 00 00 00 00 00 00 00 00 00 00 00 00 00 00 00 00 00 01 00 00 00 00 00 00 00 00 00 00
14:11:09.169 设备发送:68 8C 0C 00 42 00 01 FF 14 00 01 00 FF 00 00 00 00 00 00 00 00 00 00 00 00 00 00 00 00 00 00 00 00 00 00 00 00 00 00 00 00 00 00 00 00 00 00 00 00 00 01 00 00 00 00 00 00 00 00 00 00 00 00 00 00 00 00 00 00 00 00 00 00 00 00 00 00 00 00 00 00 00 00 00 00 00 00 00 00 00 00 00 00 00 00 00 01 00 00 00 00 00 00 00 00 00 00 00 00 00 00 00 00 00 00 00 00 00 00 00 00 00 00 00 00 00 00 00 00 00 00 00 00 00 00 00 00 00 00 00 00 00
14:11:09.371 设备发送:68 8C 0E 00 42 00 01 FF 14 00 01 00 7E 01 00 01 00 00 00 00 00 00 00 00 00 00 00 00 00 00 00 00 00 00 00 00 00 00 00 00 00 00 00 00 00 00 00 00 00 00 00 00 00 00 00 00 00 00 00 00 00 01 00 00 00 00 00 00 00 00 00 00 00 00 00 00 00 00 00 00 00 00 00 00 00 00 00 00 00 00 00 00 00 00 00 00 00 00 00 00 00 00 00 00 00 00 00 01 00 00 00 00 00 00 00 00 00 00 00 00 00 00 00 00 00 00 00 00 00 00 00 00 00 00 00 00 00 00 00 00 00 00
14:11:09.450 设备接收:68 04 01 00 10 00
14:11:09.544 设备发送:68 42 10 00 42 00 01 B5 14 00 01 00 FD 01 00 00 00 00 00 00 00 00 00 00 00 00 01 00 00 00 00 00 00 00 00 00 00 00 00 00 00 00 00 00 00 00 00 00 00 00 00 00 00 00 00 00 00 00 00 00 00 00 00 00 00 00 00 00
14:11:09.762 设备发送:68 E4 12 00 42 00 0D AB 14 00 01 00 01 40 00 00 00 6A 43 00 00 80 6A 43 00 9A 19 6B 43 00 00 00 00 00 00 00 00 00 00 00 67 66 6E 41 00 1E 85 27 C2 00 8F C2 F5 BD 00 47 E1 AA C1 00 C2 F5 A8 C1 00 14 AE 91 C2 00 8F C2 F5 BD 00 C2 F5 10 C2 00 A4 70 11 C2 00 DC F9 FE BE 00 47 E1 47 42 00 9A 99 69 43 00 CD 4C 6A 43 00 67 E6 69 43 00 00 00 00 00 00 67 66 26 41 00 CD CC 24 41 00 52 B8 AE 42 00 29 5C E7 41 00 29 5C E7 41 00 70 3D EA 41 00 EB 51 38 BF 00 EB 51 B8 BE 00 8F C2 75 BE 00 8F C2 F5 BD 00 00 00 80 3F 00 47 E1 47 42 00 67 E6 68 43 00 33 33 6A 43 00 CD CC 6A 43 00 00 00 00 00 00 00 00 18 41 00 00 00 18 41 00 EB 51 A0 42 00 B8 1E D5 41 00 F5 28 D4 41 00 7B 14 D6 41 00 8F C2 F5 BE 00
14:11:09.966 设备发送:68 E4 14 00 42 00 0D AB 14 00 01 00 2C 40 00 EB 51 B8 BE 00 EB 51 B8 BE 00 00 00 00 00 00 00 00 80 3F 00 0A D7 47 42 00 9A 19 68 43 00 67 E6 69 43 00 33 B3 6A 43 00 00 00 00 00 00 67 66 F6 40 00 33 33 F3 40 00 66 66 80 42 00 47 E1 AA 41 00 47 E1 AA 41 00 47 E1 AA 41 00 C2 F5 A8 BF 00 EB 51 B8 BE 00 8F C2 F5 BE 00 8F C2 75 BE 00 00 00 80 3F 00 0A D7 47 42 00 00 00 B3 42 00 33 33 B3 42 00 67 66 28 44 00 33 33 B2 42 00 99 99 0D 41 00 67 A6 3C 44 00 33 33 AF 42 00 33 33 B1 42 00 CD CC B0 42 00 00 00 B1 42 00 CD CC CC 3D 00 CD CC CC 3D 00 00 00 00 00 00 00 00 00 00 00 00 00 00 00 00 00 00 00 00 00 00 00 00 00 00 00 00 00 00 00 00 00 00 00 00 00 00 00 00 00 00 00 00 00 00 00 00 00 00 00
14:11:10.187 设备发送:68 DA 16 00 42 00 0D A9 14 00 01 00 57 40 00 7B 14 8A 41 00 00 00 00 00 00 CD CC CC 3D 00 52 B8 06 41 00 00 00 00 00 00 00 00 00 00 00 00 00 00 00 00 00 00 00 00 00 00 00 00 00 00 00 00 00 00 00 00 00 00 00 00 00 00 00 00 00 00 00 00 00 00 00 00 00 00 00 00 00 00 00 00 00 00 00 00 00 00 00 00 00 00 00 00 00 00 00 00 00 00 00 00 00 00 00 00 00 00 00 00 00 00 00 00 00 00 00 9A 99 69 43 00 33 B3 69 43 00 9A 99 6A 43 00 5C 8F C2 41 00 C2 F5 C2 41 00 8F C2 C3 41 00 00 00 00 00 00 0A D7 87 41 00 0A D7 A3 3D 00 00 00 00 00 00 C2 F5 47 42 00 00 00 00 00 00 00 00 F8 41 00 00 00 3D 44 00 00 00 DC 42 00 00 00 00 00 00 00 00 00 00 00 00 00 00 00 00 00 00 00 00 00
14:11:10.263 设备接收:68 04 01 00 18 00
14:11:10.405 设备发送:68 E4 18 00 42 00 0D AB 14 00 01 00 80 40 00 00 00 00 00 00 00 00 00 00 00 00 A0 39 44 00 33 B3 3B 44 00 9A 99 DC 42 00 CD CC DC 42 00 99 19 8E 42 00 CD 6C 3B 44 00 9A 19 3B 44 00 67 66 DC 42 00 CD CC DC 42 00 67 66 DC 42 00 00 00 00 00 00 00 00 00 00 00 00 00 00 00 00 00 00 00 00 00 00 00 00 00 00 00 00 00 00 00 00 00 00 00 00 00 00 00 00 00 00 00 00 00 00 00 00 00 00 00 7B 14 84 41 00 33 33 07 41 00 00 00 00 00 00 CC CC CC 3D 00 CD 4C 21 43 00 52 B8 82 41 00 EB 51 04 41 00 00 00 00 00 00 00 00 00 00 00 00 00 00 00 00 00 00 00 00 00 CC CC 4C 3D 00 00 00 00 00 00 00 00 00 00 00 00 00 00 00 00 00 00 00 00 00 00 00 00 00 00 00 00 00 00 00 00 00 00 00 00 00 00 00 00 00 00 00 00 00 00
14:11:10.607 设备发送:68 E4 1A 00 42 00 0D AB 14 00 01 00 AB 40 00 00 00 00 00 00 00 00 00 00 00 00 00 00 00 00 CD 4C 6A 43 00 9A 99 6A 43 00 67 E6 6B 43 00 00 00 82 42 00 A4 F0 84 42 00 99 19 85 42 00 00 00 00 00 00 66 66 3B 42 00 E1 7A 94 3E 00 00 00 00 00 00 47 E1 47 42 00 00 00 00 00 00 00 00 3C 42 00 00 80 3A 44 00 00 00 DC 42 00 00 00 00 00 00 00 00 00 00 00 00 00 00 00 00 00 00 00 00 00 00 00 00 00 00 00 00 00 00 00 CD EC 32 44 00 67 86 32 44 00 CD 2C 32 44 00 CD 6C 32 44 00 3D 0A 8E 42 00 33 53 12 44 00 CD CC DB 42 00 33 33 DD 42 00 9A 99 DA 42 00 00 00 DD 42 00 67 66 A6 3F 00 9A 99 19 3F 00 00 00 00 00 00 00 00 00 00 00 00 00 00 00 00 00 00 00 00 00 00 00 00 00 00 00 00 00 00 00 00 00 00 00 00
14:11:10.780 设备发送:68 DA 1C 00 42 00 0D A9 14 00 01 00 D6 40 00 00 00 00 00 00 B8 1E 83 41 00 85 EB 83 41 00 8F C2 83 41 00 F6 28 84 41 00 00 00 28 43 00 B8 1E 09 41 00 00 00 00 00 00 0A D7 A3 3C 00 00 00 00 00 00 0A D7 A3 3C 00 0A D7 23 3C 00 8F C2 F5 3C 00 00 00 00 00 00 00 00 00 00 00 00 00 00 00 00 00 00 00 00 00 00 00 00 00 00 00 00 00 00 00 00 00 00 00 00 00 00 00 00 00 00 00 00 00 00 00 00 00 00 00 00 00 00 00 00 00 00 00 00 00 9A 19 6C 43 00 9A 99 6B 43 00 33 B3 6D 43 00 33 B3 AE 42 00 0A D7 AE 42 00 99 99 AE 42 00 00 00 00 00 00 B8 1E 77 42 00 5C 8F 02 BF 00 00 00 00 00 00 47 E1 47 42 00 00 00 00 00 00 00 00 18 42 00 00 40 3A 44 00 00 00 DC 42 00 00 00 00 00 00
14:11:11.012 设备发送:68 E4 1E 00 42 00 0D AB 14 00 01 00 FF 40 00 00 00 00 00 00 00 00 00 00 00 00 00 00 00 00 00 00 00 00 00 00 00 00 00 00 67 06 51 44 00 00 00 4C 44 00 33 13 4A 44 00 67 E6 3F 44 00 AE C7 9C 42 00 00 00 00 00 00 00 00 00 00 00 00 00 00 00 00 00 00 00 00 00 00 00 00 00 00 00 00 00 00 00 00 00 00 00 00 00 00 00 00 00 00 00 00 00 00 00 00 00 00 00 00 00 00 00 00 00 00 00 00 00 00 00 00 00 00 00 00 00 00 00 00 00 00 00 00 85 EB C9 40 00 14 AE 57 40 00 33 33 53 40 00 1E 85 BB 40 00 67 66 7C 42 00 00 00 00 00 00 00 00 00 00 00 00 00 00 00 00 00 00 00 00 00 00 00 00 00 00 00 00 00 00 00 00 00 00 00 00 00 00 00 00 00 00 00 00 00 00 00 00 00 00 00 00 00 00 00 00 00 00 00 00 00 00 00 00 00 00
14:11:11.117 设备接收:68 04 01 00 20 00
14:11:11.210 设备发送:68 E4 20 00 42 00 0D AB 14 00 01 00 2A 41 00 00 00 00 00 00 00 00 00 00 00 00 00 00 00 00 00 00 00 00 00 00 00 00 00 00 00 00 00 00 00 67 66 69 43 00 00 80 6A 43 00 9A 19 6B 43 00 1E 85 25 42 00 EB 51 24 42 00 33 33 26 42 00 00 00 00 00 00 33 33 E7 41 00 52 B8 9E BE 00 00 00 00 00 00 47 E1 47 42 00 00 00 00 00 00 00 00 00 00 00 00 00 00 00 00 00 00 DC 42 00 00 00 00 00 00 00 00 00 00 00 00 00 00 00 00 00 00 00 00 00 00 00 00 00 00 00 00 00 00 00 00 00 00 00 00 00 00 00 00 00 00 00 00 00 00 00 00 00 00 00 00 00 00 00 00 00 00 00 00 00 00 00 00 00 00 00 00 00 00 00 00 00 00 00 00 00 00 00 00 00 00 00 00 00 00 00 00 00 00 00 00 00 00 00 00 00 00 00 00 00 00 00 00 00 00 00 00 00 00 00
14:11:11.415 设备发送:68 DA 22 00 42 00 0D A9 14 00 01 00 55 41 00 00 00 00 00 00 00 00 00 00 00 00 00 00 00 00 00 00 00 00 00 00 00 00 00 00 00 00 00 00 00 00 00 00 00 00 00 00 00 00 00 00 00 00 00 00 00 00 00 00 00 00 00 00 00 00 00 00 00 00 00 00 00 00 00 00 00 00 00 00 00 00 00 00 00 00 00 00 00 00 00 00 00 00 00 00 00 00 00 00 00 00 00 00 00 00 00 00 00 00 00 00 00 00 00 00 00 00 00 00 00 00 00 00 00 00 00 00 00 00 00 00 00 00 00 00 00 00 00 00 00 00 00 00 00 00 00 00 00 00 00 00 00 00 00 00 00 00 00 00 00 00 00 00 00 00 00 00 00 00 00 00 00 00 00 00 00 00 00 00 00 00 00 00 00 00 00 00 00 00 00 00 00 00 00 00 00 00 00 00 00 00 00 00 00 00 00 00 00 00 00 00 00 00 00 00
14:11:11.636 设备发送:68 E4 24 00 42 00 0D AB 14 00 01 00 7E 41 00 00 00 00 00 00 00 00 DC 42 00 00 00 00 00 00 00 00 00 00 00 00 00 00 00 00 00 00 00 00 00 00 00 00 00 00 00 00 00 00 00 00 00 00 00 00 00 00 00 00 00 00 00 00 00 00 00 00 00 00 00 00 00 00 00 00 00 00 00 00 00 00 00 00 00 00 00 00 00 00 00 00 00 00 00 00 00 00 00 00 00 00 00 00 00 00 00 00 00 00 00 00 00 00 00 00 00 00 00 00 00 00 00 00 00 00 00 00 00 00 00 00 00 00 00 00 00 00 00 00 00 00 00 00 00 00 00 00 00 00 00 00 00 00 00 00 00 00 00 00 00 00 00 00 00 00 00 00 00 00 00 00 00 00 00 00 00 00 00 00 00 00 00 00 00 00 00 00 00 00 00 00 00 00 00 00 00 00 00 00 00 00 00 00 00 00 00 00 00 00 00 00 00 00 00 00 00 00 00 00 00 00 00 00 00 00
14:11:11.840 设备发送:68 E4 26 00 42 00 0D AB 14 00 01 00 A9 41 00 00 00 00 00 00 00 00 00 00 00 00 00 00 00 00 00 00 00 00 00 00 00 00 00 00 00 00 00 00 00 00 00 00 00 00 00 00 00 00 00 00 00 00 00 00 00 00 00 00 00 00 00 00 00 00 00 00 00 00 00 00 00 00 00 00 00 00 00 00 00 00 00 00 00 00 00 00 00 00 00 00 00 00 00 00 00 00 00 00 00 00 00 00 00 00 00 00 00 00 00 00 00 00 00 00 00 00 00 00 00 00 00 00 00 00 00 00 DC 42 00 00 00 00 00 00 00 00 00 00 00 00 00 00 00 00 00 00 00 00 00 00 00 00 00 00 00 00 00 00 00 00 00 00 00 00 00 00 00 00 00 00 00 00 00 00 00 00 00 00 00 00 00 00 00 00 00 00 00 00 00 00 00 00 00 00 00 00 00 00 00 00 00 00 00 00 00 00 00 00 00 00 00 00 00 00 00 00 00 00 00 00 00 00 00 00
14:11:11.930 设备接收:68 04 01 00 28 00
14:11:12.055 设备发送:68 DA 28 00 42 00 0D A9 14 00 01 00 D4 41 00 00 00 00 00 00 00 00 00 00 00 00 00 00 00 00 00 00 00 00 00 00 00 00 00 00 00 00 00 00 00 00 00 00 00 00 00 00 00 00 00 00 00 00 00 00 00 00 00 00 00 00 00 00 00 00 00 00 00 00 00 00 00 00 00 00 00 00 00 00 00 00 00 00 00 00 00 00 00 00 00 00 00 00 00 00 00 00 00 00 00 00 00 00 00 00 00 00 00 00 00 00 00 00 00 00 00 00 00 00 00 00 00 00 00 00 00 00 00 00 00 00 00 00 00 00 00 00 00 00 00 00 00 00 00 00 00 00 00 00 00 00 00 00 00 00 00 00 00 00 00 00 00 00 00 00 00 00 00 00 00 00 00 00 00 00 00 00 00 00 00 00 00 00 00 00 00 00 00 00 00 00 00 00 00 00 00 00 00 00 00 00 00 00 00 00 00 00 00 00 00 00 00 00 00 00
14:11:12.259 设备发送:68 E4 2A 00 42 00 0D AB 14 00 01 00 FD 41 00 00 00 00 00 00 00 00 00 00 00 00 00 00 00 00 00 00 00 00 00 00 00 DC 42 00 00 00 00 00 00 00 00 00 00 00 00 00 00 00 00 00 00 00 00 00 00 00 00 00 00 00 00 00 00 00 00 00 00 00 00 00 00 00 00 00 00 00 00 00 00 00 00 00 00 00 00 00 00 00 00 00 00 00 00 00 00 00 00 00 00 00 00 00 00 00 00 00 00 00 00 00 00 00 00 00 00 00 00 00 00 00 00 00 00 00 00 00 00 00 00 00 00 00 00 00 00 00 00 00 00 00 00 00 00 00 00 00 00 00 00 00 00 00 00 00 00 00 00 00 00 00 00 00 00 00 00 00 00 00 00 00 00 00 00 00 00 00 00 00 00 00 00 00 00 00 00 00 00 00 00 00 00 00 00 00 00 00 00 00 00 00 00 00 00 00 00 00 00 00 00 00 00 00 00 00 00 00 00 00 00 00 00 00 00 00
14:11:12.463 设备发送:68 E4 2C 00 42 00 0D AB 14 00 01 00 28 42 00 00 00 00 00 00 00 00 00 00 00 00 00 00 00 00 00 00 00 00 00 00 00 00 00 00 00 00 00 00 00 00 00 00 00 00 00 00 00 00 00 00 00 00 00 00 00 00 00 00 00 00 00 00 00 00 00 00 00 00 00 00 00 00 00 00 00 00 00 00 00 00 00 00 00 00 00 00 00 00 00 00 00 00 00 00 00 00 00 00 00 00 00 00 00 00 00 00 00 00 00 00 00 00 00 00 00 00 00 00 00 00 00 00 00 00 00 00 00 00 00 00 00 00 00 00 00 00 00 00 00 00 00 DC 42 00 00 00 00 00 00 00 00 00 00 00 00 00 00 00 00 00 00 00 00 00 00 00 00 00 00 00 00 00 00 00 00 00 00 00 00 00 00 00 00 00 00 00 00 00 00 00 00 00 00 00 00 00 00 00 00 00 00 00 00 00 00 00 00 00 00 00 00 00 00 00 00 00 00 00 00 00 00 00 00 00
14:11:12.688 设备发送:68 DA 2E 00 42 00 0D A9 14 00 01 00 53 42 00 00 00 00 00 00 00 00 00 00 00 00 00 00 00 00 00 00 00 00 00 00 00 00 00 00 00 00 00 00 00 00 00 00 00 00 00 00 00 00 00 00 00 00 00 00 00 00 00 00 00 00 00 00 00 00 00 00 00 00 00 00 00 00 00 00 00 00 00 00 00 00 00 00 00 00 00 00 00 00 00 00 00 00 00 00 00 00 00 00 00 00 00 00 00 00 00 00 00 00 00 00 00 00 00 00 00 00 00 00 00 00 00 00 00 00 00 00 00 00 00 00 00 00 00 00 00 00 00 00 00 00 00 00 00 00 00 00 00 00 00 00 00 00 00 00 00 00 00 00 00 00 00 00 00 00 00 00 00 00 00 00 00 00 00 00 00 00 00 00 00 00 00 00 00 00 00 00 00 00 00 00 00 00 00 00 00 00 00 00 00 00 00 00 00 00 00 00 00 00 00 00 00 00 00 00
14:11:12.761 设备接收:68 04 01 00 30 00
14:11:12.902 设备发送:68 E4 30 00 42 00 0D AB 14 00 01 00 7C 42 00 00 00 00 00 00 00 00 00 00 00 00 00 00 00 00 00 00 00 00 00 00 00 00 00 00 00 00 00 00 00 00 00 00 00 00 00 00 DC 42 00 00 00 00 00 00 00 00 00 00 00 00 00 00 00 00 00 00 00 00 00 00 00 00 00 00 00 00 00 00 00 00 00 00 00 00 00 00 00 00 00 00 00 00 00 00 00 00 00 00 00 00 00 00 00 00 00 00 00 00 00 00 00 00 00 00 00 00 00 00 00 00 00 00 00 00 00 00 00 00 00 00 00 00 00 00 00 00 00 00 00 00 00 00 00 00 00 00 00 00 00 00 00 00 00 00 00 00 00 00 00 00 00 00 00 00 00 00 00 00 00 00 00 00 00 00 00 00 00 00 00 00 00 00 00 00 00 00 00 00 00 00 00 00 00 00 00 00 00 00 00 00 00 00 00 00 00 00 00 00 00 00 00 00 00 00 00 00 00 00 00 00 00 00 00 00
14:11:13.106 设备发送:68 E4 32 00 42 00 0D AB 14 00 01 00 A7 42 00 00 00 00 00 00 00 00 00 00 00 00 00 00 00 00 00 00 00 00 00 00 00 00 00 00 00 00 00 00 00 00 00 00 00 00 00 00 00 00 00 00 00 00 00 00 00 00 00 00 00 00 00 00 00 00 00 00 00 00 00 00 00 00 00 00 00 00 00 00 00 00 00 00 00 00 00 00 00 00 00 00 00 00 00 00 00 00 00 00 00 00 00 00 00 00 00 00 00 00 00 00 00 00 00 00 00 00 00 00 00 00 00 00 00 00 00 00 00 00 00 00 00 00 00 00 00 00 00 00 00 00 00 00 00 00 00 00 00 00 00 00 00 00 00 00 00 00 DC 42 00 00 00 00 00 00 00 00 00 00 00 00 00 00 00 00 00 00 00 00 00 00 00 00 00 00 00 00 00 00 00 00 00 00 00 00 00 00 00 00 00 00 00 00 00 00 00 00 00 00 00 00 00 00 00 00 00 00 00 00 00 00 00 00 00 00
14:11:13.293 设备发送:68 DA 34 00 42 00 0D A9 14 00 01 00 D2 42 00 00 00 00 00 00 00 00 00 00 00 00 00 00 00 00 00 00 00 00 00 00 00 00 00 00 00 00 00 00 00 00 00 00 00 00 00 00 00 00 00 00 00 00 00 00 00 00 00 00 00 00 00 00 00 00 00 00 00 00 00 00 00 00 00 00 00 00 00 00 00 00 00 00 00 00 00 00 00 00 00 00 00 00 00 00 00 00 00 00 00 00 00 00 00 00 00 00 00 00 00 00 00 00 00 00 00 00 00 00 00 00 00 00 00 00 00 00 00 00 00 00 00 00 00 00 00 00 00 00 00 00 00 00 00 00 00 00 00 00 00 00 00 00 00 00 00 00 00 00 00 00 00 00 00 00 00 00 00 00 00 00 00 00 00 00 00 00 00 00 00 00 00 00 00 00 00 00 00 00 00 00 00 00 00 00 00 00 00 00 00 00 00 00 00 00 00 00 00 00 00 00 00 00 00 00
14:11:13.494 设备发送:68 E4 36 00 42 00 0D AB 14 00 01 00 FB 42 00 00 00 00 00 00 00 00 00 00 00 00 00 00 00 00 00 00 00 00 00 00 00 00 00 00 00 00 00 00 00 00 00 00 00 00 00 00 00 00 00 00 00 00 00 00 00 00 00 00 00 00 00 20 42 00 00 00 00 00 00 00 00 00 00 00 00 00 00 00 00 00 00 00 00 00 00 00 00 00 00 00 00 00 00 00 00 00 00 00 00 00 00 00 00 00 00 00 00 00 00 00 00 00 00 00 00 00 00 00 00 00 00 00 00 00 00 00 00 00 00 00 00 00 00 00 00 00 00 00 00 00 00 00 00 00 00 00 00 00 00 00 00 00 00 00 00 00 00 00 00 00 00 00 00 00 00 00 00 00 00 00 00 00 00 00 00 00 00 00 00 00 00 00 00 00 00 00 00 00 00 00 00 00 00 00 00 00 00 00 00 00 00 00 00 00 00 00 00 00 00 00 00 00 00 00 00 00 00 00 00 00 00 00 00 00
14:11:13.625 设备接收:68 04 01 00 38 00
14:11:13.713 设备发送:68 D0 38 00 42 00 0D A7 14 00 01 00 26 43 00 00 00 00 00 00 00 00 00 00 00 00 00 00 00 00 00 00 00 00 00 00 00 00 00 00 00 00 00 00 00 00 00 00 00 00 00 00 00 00 00 00 00 00 00 00 00 00 00 00 00 00 00 00 00 00 00 00 00 00 00 00 00 00 00 00 00 00 00 00 00 00 00 00 00 00 00 00 00 00 00 00 00 00 00 00 00 00 00 00 00 00 00 00 00 00 00 00 00 00 00 00 00 00 00 00 00 00 00 00 00 00 00 00 00 00 00 00 00 00 00 00 00 00 00 00 00 00 00 00 00 00 00 00 00 00 00 00 00 00 00 00 00 00 00 00 00 00 00 00 00 00 00 00 00 00 00 00 00 00 00 00 00 04 42 00 00 00 00 00 00 00 00 00 00 00 00 00 00 00 00 00 00 00 00 00 00 00 00 00 00 00 00 00 00 00
14:11:13.932 设备发送:68 0E 3A 00 42 00 64 01 0A 00 01 00 00 00 00 14
14:11:17.021 设备接收:68 04 01 00 3C 00
14:11:20.550 设备发送:68 12 3C 00 42 00 0D 01 03 00 01 00 3D 41 00 00 00 0B 44 00
14:11:23.869 设备接收:68 04 01 00 3E 00
14:11:24.283 设备接收:68 0C 42 00 3E 00 C9 01 06 00 01 00 00 00
14:11:24.377 设备发送:68 18 3E 00 44 00 C9 01 07 00 01 00 00 00 00 00 00 00 00 01 00 00 00 00 00 00
14:11:24.581 设备发送:68 12 40 00 44 00 0D 01 03 00 01 00 3C 41 00 00 00 34 42 00
14:11:27.669 设备接收:68 04 01 00 42 00
14:11:32.612 设备发送:68 2A 42 00 44 00 0D 04 03 00 01 00 71 41 00 00 00 6A 43 00 74 41 00 14 AE 2A 42 00 78 41 00 3D 0A EF 41 00 7B 41 00 47 E1 47 42 00

