15:19:45.186 设备接收:68 04 43 00 00 00
15:19:55.426 设备接收:68 04 43 00 00 00
15:20:01.867 设备接收:68 14 08 00 5A 00 67 01 06 00 01 00 00 00 00 E8 02 14 0F 2D 01 19
15:20:04.345 设备发送:68 04 01 00 0A 00
15:20:12.051 设备接收:68 04 43 00 00 00
15:20:22.641 设备接收:68 04 43 00 00 00
15:20:32.894 设备接收:68 04 43 00 00 00
15:20:43.316 设备接收:68 04 43 00 00 00
15:20:53.535 设备接收:68 04 43 00 00 00
15:21:03.383 设备接收:68 0C 0A 00 5A 00 CA 00 06 00 01 00 00 00
15:21:05.661 设备发送:68 04 01 00 0C 00
15:21:13.824 设备接收:68 04 07 00 00 00
15:21:13.997 设备发送:68 04 0B 00 00 00
15:21:14.121 设备发送:68 0E 00 00 00 00 46 01 04 00 01 00 00 00 00 00 68 32 02 00 00 00 01 0A 03 00 01 00 01 00 00 01 07 00 00 01 08 00 00 01 09 00 00 01 0D 00 00 01 0E 00 00 00 3B 00 00 01 3C 00 00 00 69 00 00 01 6A 00 00 00
15:21:14.214 设备接收:68 0E 0C 00 5A 00 64 01 06 00 01 00 00 00 00 14
15:21:14.293 设备发送:68 78 04 00 0E 00 1E 0A 03 00 01 00 01 00 00 01 7E 1F 13 0F 0D 01 19 07 00 00 01 91 1F 13 0F 0D 01 19 08 00 00 01 9B 1F 13 0F 0D 01 19 09 00 00 01 59 22 13 0F 0D 01 19 0D 00 00 01 A9 56 13 0F 0D 01 19 0E 00 00 00 B8 56 13 0F 0D 01 19 3B 00 00 01 F7 06 14 0F 0D 01 19 3C 00 00 00 FF 06 14 0F 0D 01 19 69 00 00 01 A2 AC 14 0F 0D 01 19 6A 00 00 00 AA AC 14 0F 0D 01 19
15:21:14.497 设备发送:68 0E 06 00 0E 00 64 01 07 00 01 00 00 00 00 14
15:21:14.621 设备接收:68 04 01 00 08 00
15:21:14.700 设备发送:68 8C 08 00 0E 00 01 FF 14 00 01 00 01 00 00 01 00 00 00 00 00 01 01 01 00 00 00 01 00 00 00 00 00 00 00 00 00 00 00 00 00 00 00 00 00 00 00 00 00 00 00 00 00 00 00 00 00 00 00 00 00 00 00 00 00 00 00 00 00 00 00 00 00 01 00 00 00 00 00 00 00 00 00 00 00 00 00 00 00 00 00 00 00 00 00 00 00 00 00 00 00 00 00 00 00 00 00 00 00 00 00 00 00 00 00 00 00 00 00 01 00 00 00 00 00 00 00 00 00 00 00 00 00 00 00 00 00 00 00 00 00 00
15:21:14.933 设备发送:68 8C 0A 00 0E 00 01 FF 14 00 01 00 80 00 00 00 00 00 00 00 00 00 00 00 00 00 00 00 00 00 00 00 00 00 00 00 00 00 00 01 00 00 00 00 00 00 00 00 00 00 00 00 00 00 00 00 00 00 00 00 00 00 00 00 00 00 00 00 00 00 00 00 00 00 00 00 00 00 00 00 00 00 00 00 00 01 00 00 00 00 00 00 00 00 00 00 00 00 00 00 00 00 00 00 00 00 00 00 00 00 00 00 00 00 00 00 00 00 00 00 00 00 00 00 00 00 00 00 00 00 00 01 00 00 00 00 00 00 00 00 00 00
15:21:15.135 设备发送:68 8C 0C 00 0E 00 01 FF 14 00 01 00 FF 00 00 00 00 00 00 00 00 00 00 00 00 00 00 00 00 00 00 00 00 00 00 00 00 00 00 00 00 00 00 00 00 00 00 00 00 00 01 00 00 00 00 00 00 00 00 00 00 00 00 00 00 00 00 00 00 00 00 00 00 00 00 00 00 00 00 00 00 00 00 00 00 00 00 00 00 00 00 00 00 00 00 00 01 00 00 00 00 00 00 00 00 00 00 00 00 00 00 00 00 00 00 00 00 00 00 00 00 00 00 00 00 00 00 00 00 00 00 00 00 00 00 00 00 00 00 00 00 00
15:21:15.337 设备发送:68 8C 0E 00 0E 00 01 FF 14 00 01 00 7E 01 00 01 00 00 00 00 00 00 00 00 00 00 00 00 00 00 00 00 00 00 00 00 00 00 00 00 00 00 00 00 00 00 00 00 00 00 00 00 00 00 00 00 00 00 00 00 00 01 00 00 00 00 00 00 00 00 00 00 00 00 00 00 00 00 00 00 00 00 00 00 00 00 00 00 00 00 00 00 00 00 00 00 00 00 00 00 00 00 00 00 00 00 00 01 00 00 00 00 00 00 00 00 00 00 00 00 00 00 00 00 00 00 00 00 00 00 00 00 00 00 00 00 00 00 00 00 00 00
15:21:15.430 设备接收:68 04 01 00 10 00
15:21:15.556 设备发送:68 42 10 00 0E 00 01 B5 14 00 01 00 FD 01 00 00 00 00 00 00 00 00 00 00 00 00 01 00 00 00 00 00 00 00 00 00 00 00 00 00 00 00 00 00 00 00 00 00 00 00 00 00 00 00 00 00 00 00 00 00 00 00 00 00 00 00 00 00
15:21:15.774 设备发送:68 E4 12 00 0E 00 0D AB 14 00 01 00 01 40 00 9A 99 69 43 00 67 66 69 43 00 9A 99 69 43 00 00 00 00 00 00 CD CC CC 3D 00 67 66 E6 40 00 F6 28 A4 C1 00 8F C2 F5 BD 00 AE 47 21 C1 00 B8 1E 25 C1 00 14 AE 0B C2 00 00 00 00 00 00 33 33 8B C1 00 B8 1E 8D C1 00 AE 47 01 BF 00 0A D7 47 42 00 33 33 69 43 00 9A 99 69 43 00 33 B3 68 43 00 00 00 00 00 00 33 33 A3 40 00 33 33 A3 40 00 29 5C 2B 42 00 D7 A3 60 41 00 5C 8F 62 41 00 66 66 66 41 00 8F C2 F5 3D 00 8F C2 F5 BD 00 8F C2 F5 BD 00 8F C2 F5 3D 00 00 00 80 3F 00 47 E1 47 42 00 67 66 68 43 00 CD 4C 69 43 00 33 B3 69 43 00 00 00 00 00 00 67 66 96 40 00 67 66 96 40 00 66 66 1E 42 00 33 33 53 41 00 AE 47 51 41 00 33 33 53 41 00 8F C2 75 3E 00
15:21:15.944 设备发送:68 E4 14 00 0E 00 0D AB 14 00 01 00 2C 40 00 8F C2 F5 BD 00 8F C2 F5 BD 00 8F C2 F5 3D 00 65 3B 7F 3F 00 47 E1 47 42 00 33 B3 67 43 00 9A 19 69 43 00 CD 4C 69 43 00 00 00 00 00 00 33 33 73 40 00 33 33 73 40 00 66 66 FE 41 00 B8 1E 25 41 00 C2 F5 28 41 00 47 E1 2A 41 00 99 99 19 BF 00 8F C2 75 BE 00 00 00 00 00 00 8F C2 75 BE 00 78 BE 7F 3F 00 0A D7 47 42 00 00 00 B5 42 00 33 33 B5 42 00 CD EC 2E 44 00 00 00 B4 42 00 47 E1 0E 41 00 00 E0 3D 44 00 33 33 B1 42 00 00 00 B3 42 00 CD CC B2 42 00 CD CC B2 42 00 CD CC 4C 3E 00 CD CC 4C 3E 00 00 00 00 00 00 00 00 00 00 00 00 00 00 00 00 00 00 00 00 00 00 00 00 00 00 00 00 00 00 00 00 00 00 00 00 00 00 00 00 00 00 00 00 00 00 0A D7 23 3C 00
15:21:16.162 设备发送:68 DA 16 00 0E 00 0D A9 14 00 01 00 57 40 00 0A D7 EB 40 00 CC CC 4C 3D 00 67 66 66 3F 00 00 00 88 40 00 0A D7 23 3C 00 00 00 00 00 00 00 00 00 00 00 00 00 00 00 00 00 00 00 00 00 00 00 00 00 00 00 00 00 00 00 00 00 00 00 00 00 00 00 00 00 00 00 00 00 00 00 00 00 00 00 00 00 00 00 00 00 00 00 00 00 00 00 00 00 00 00 00 00 00 00 00 00 00 00 00 00 00 00 00 00 00 00 00 00 00 33 B3 68 43 00 CD 4C 68 43 00 CD CC 68 43 00 52 B8 36 41 00 00 00 38 41 00 D7 A3 3C 41 00 00 00 00 00 00 99 99 F9 40 00 70 3D 8A BE 00 00 00 00 00 00 B8 1E 48 42 00 00 00 00 00 00 00 00 10 42 00 00 C0 39 44 00 00 00 DC 42 00 00 00 00 00 00 00 00 00 00 00 00 00 00 00 00 00 00 00 00 00
15:21:16.256 设备接收:68 04 01 00 18 00
15:21:16.372 设备发送:68 E4 18 00 0E 00 0D AB 14 00 01 00 80 40 00 00 00 00 00 00 00 00 00 00 00 33 93 3C 44 00 CD EC 3C 44 00 00 00 DF 42 00 33 33 DF 42 00 70 BD 95 42 00 CD 6C 35 44 00 33 F3 3D 44 00 00 00 DF 42 00 67 66 DF 42 00 CD CC DE 42 00 00 00 00 00 00 00 00 00 00 00 00 00 00 00 00 00 00 00 00 00 00 00 00 00 00 00 00 00 00 00 00 00 00 00 00 00 00 00 00 00 00 00 00 00 00 00 00 00 00 00 85 EB 05 41 00 B8 1E 8D 40 00 00 00 00 00 00 00 00 00 00 00 CD CC 8C 42 00 7B 14 FE 40 00 29 5C 7F 40 00 8F C2 75 3D 00 00 00 00 00 00 00 00 00 00 00 00 00 00 00 00 0A D7 23 3D 00 00 00 00 00 00 00 00 00 00 00 00 00 00 00 00 00 00 00 00 00 00 00 00 00 00 00 00 00 00 00 00 00 00 00 00 00 00 00 00 00 00 00 00 00 00
15:21:16.587 设备发送:68 E4 1A 00 0E 00 0D AB 14 00 01 00 AB 40 00 00 00 00 00 00 00 00 00 00 00 00 00 00 00 00 33 B3 69 43 00 00 00 69 43 00 CD CC 69 43 00 14 AE FF 41 00 29 5C FF 41 00 AE 47 00 42 00 00 00 00 00 00 CD CC B2 41 00 5C 8F 42 BE 00 00 00 00 00 00 B8 1E 48 42 00 00 00 00 00 00 00 00 5C 42 00 00 C0 34 44 00 00 00 DC 42 00 00 00 00 00 00 00 00 00 00 00 00 00 00 00 00 00 00 00 00 00 00 00 00 00 00 00 00 00 00 00 00 00 36 44 00 67 46 35 44 00 00 E0 34 44 00 33 53 35 44 00 B8 9E 8E 42 00 CD EC 14 44 00 9A 99 DF 42 00 00 00 E1 42 00 33 33 DE 42 00 33 33 E0 42 00 67 66 A6 3F 00 00 00 00 3F 00 00 00 00 00 00 00 00 00 00 00 00 00 00 00 00 00 00 00 00 00 00 00 00 00 00 00 00 00 00 00 00 00 00 00 00
15:21:16.791 设备发送:68 DA 1C 00 0E 00 0D A9 14 00 01 00 D6 40 00 00 00 00 00 00 66 66 02 41 00 3D 0A 03 41 00 5C 8F 02 41 00 99 99 01 41 00 00 00 B0 42 00 70 3D 92 40 00 00 00 00 00 00 00 00 00 00 00 29 5C 8F 3D 00 29 5C 8F 3D 00 0A D7 23 3C 00 8F C2 F5 3C 00 00 00 00 00 00 00 00 00 00 00 00 00 00 00 00 00 00 00 00 00 00 00 00 00 00 00 00 00 00 00 00 00 00 00 00 00 00 00 00 00 00 00 00 00 00 00 00 00 00 00 00 00 00 00 00 00 00 00 00 00 CD 4C 6A 43 00 33 33 6A 43 00 00 00 6B 43 00 F6 28 31 42 00 14 AE 30 42 00 5C 8F 31 42 00 00 00 00 00 00 00 00 F8 41 00 CC CC 4C BF 00 00 00 00 00 00 47 E1 47 42 00 00 00 00 00 00 00 00 1C 42 00 00 C0 30 44 00 00 00 DC 42 00 00 00 00 00 00
15:21:16.994 设备发送:68 E4 1E 00 0E 00 0D AB 14 00 01 00 FF 40 00 00 00 00 00 00 00 00 00 00 00 00 00 00 00 00 00 00 00 00 00 00 00 00 00 00 00 00 00 00 00 00 00 00 00 00 00 00 00 00 00 00 00 00 00 00 00 00 00 00 00 00 00 00 00 00 00 00 00 00 00 00 00 00 00 00 00 00 00 00 00 00 00 00 00 00 00 00 00 00 00 00 00 00 00 00 00 00 00 00 00 00 00 00 00 00 00 00 00 00 00 00 00 00 00 00 00 00 00 00 00 00 00 00 00 00 00 00 00 00 00 00 00 00 00 00 00 00 00 00 00 00 00 00 00 00 00 00 00 00 00 00 00 00 00 00 00 00 00 00 00 00 00 00 00 00 00 00 00 00 00 00 00 00 00 00 00 00 00 00 00 00 00 00 00 00 00 00 00 00 00 00 00 00 00 00 00 00 00 00 00 00 00 00 00 00 00 00 00 00 00 00 00 00 00 00 00 00 00 00 00 00 00 00 00 00
15:21:17.086 设备接收:68 04 01 00 20 00
15:21:17.213 设备发送:68 E4 20 00 0E 00 0D AB 14 00 01 00 2A 41 00 00 00 00 00 00 00 00 00 00 00 00 00 00 00 00 00 00 00 00 00 00 00 00 00 00 00 00 00 00 00 00 80 68 43 00 CD CC 68 43 00 00 00 00 00 00 00 00 A0 41 00 8F C2 9D 41 00 00 00 00 00 00 00 00 00 00 00 00 00 5C 41 00 8F C2 F5 BC 00 00 00 00 00 00 47 E1 47 42 00 00 00 00 00 00 00 00 00 00 00 00 00 00 00 00 00 00 DC 42 00 00 00 00 00 00 00 00 00 00 00 00 00 00 00 00 00 00 00 00 00 00 00 00 00 00 00 00 00 00 00 00 00 00 00 00 00 00 00 00 00 00 00 00 00 00 00 00 00 00 00 00 00 00 00 00 00 00 00 00 00 00 00 00 00 00 00 00 00 00 00 00 00 00 00 00 00 00 00 00 00 00 00 00 00 00 00 00 00 00 00 00 00 00 00 00 00 00 00 00 00 00 00 00 00 00 00 00 00 00 00
15:21:17.418 设备发送:68 DA 22 00 0E 00 0D A9 14 00 01 00 55 41 00 00 00 00 00 00 00 00 00 00 00 00 00 00 00 00 00 00 00 00 00 00 00 00 00 00 00 00 00 00 00 00 00 00 00 00 00 00 00 00 00 00 00 00 00 00 00 00 00 00 00 00 00 00 00 00 00 00 00 00 00 00 00 00 00 00 00 00 00 00 00 00 00 00 00 00 00 00 00 00 00 00 00 00 00 00 00 00 00 00 00 00 00 00 00 00 00 00 00 00 00 00 00 00 00 00 00 00 00 00 00 00 00 00 00 00 00 00 00 00 00 00 00 00 00 00 00 00 00 00 00 00 00 00 00 00 00 00 00 00 00 00 00 00 00 00 00 00 00 00 00 00 00 00 00 00 00 00 00 00 00 00 00 00 00 00 00 00 00 00 00 00 00 00 00 00 00 00 00 00 00 00 00 00 00 00 00 00 00 00 00 00 00 00 00 00 00 00 00 00 00 00 00 00 00 00
15:21:17.622 设备发送:68 E4 24 00 0E 00 0D AB 14 00 01 00 7E 41 00 00 00 00 00 00 00 00 DC 42 00 00 00 00 00 00 00 00 00 00 00 00 00 00 00 00 00 00 00 00 00 00 00 00 00 00 00 00 00 00 00 00 00 00 00 00 00 00 00 00 00 00 00 00 00 00 00 00 00 00 00 00 00 00 00 00 00 00 00 00 00 00 00 00 00 00 00 00 00 00 00 00 00 00 00 00 00 00 00 00 00 00 00 00 00 00 00 00 00 00 00 00 00 00 00 00 00 00 00 00 00 00 00 00 00 00 00 00 00 00 00 00 00 00 00 00 00 00 00 00 00 00 00 00 00 00 00 00 00 00 00 00 00 00 00 00 00 00 00 00 00 00 00 00 00 00 00 00 00 00 00 00 00 00 00 00 00 00 00 00 00 00 00 00 00 00 00 00 00 00 00 00 00 00 00 00 00 00 00 00 00 00 00 00 00 00 00 00 00 00 00 00 00 00 00 00 00 00 00 00 00 00 00 00 00 00
15:21:17.840 设备发送:68 E4 26 00 0E 00 0D AB 14 00 01 00 A9 41 00 00 00 00 00 00 00 00 00 00 00 00 00 00 00 00 00 00 00 00 00 00 00 00 00 00 00 00 00 00 00 00 00 00 00 00 00 00 00 00 00 00 00 00 00 00 00 00 00 00 00 00 00 00 00 00 00 00 00 00 00 00 00 00 00 00 00 00 00 00 00 00 00 00 00 00 00 00 00 00 00 00 00 00 00 00 00 00 00 00 00 00 00 00 00 00 00 00 00 00 00 00 00 00 00 00 00 00 00 00 00 00 00 00 00 00 00 00 DC 42 00 00 00 00 00 00 00 00 00 00 00 00 00 00 00 00 00 00 00 00 00 00 00 00 00 00 00 00 00 00 00 00 00 00 00 00 00 00 00 00 00 00 00 00 00 00 00 00 00 00 00 00 00 00 00 00 00 00 00 00 00 00 00 00 00 00 00 00 00 00 00 00 00 00 00 00 00 00 00 00 00 00 00 00 00 00 00 00 00 00 00 00 00 00 00 00
15:21:17.934 设备接收:68 04 01 00 28 00
15:21:18.033 设备发送:68 DA 28 00 0E 00 0D A9 14 00 01 00 D4 41 00 00 00 00 00 00 00 00 00 00 00 00 00 00 00 00 00 00 00 00 00 00 00 00 00 00 00 00 00 00 00 00 00 00 00 00 00 00 00 00 00 00 00 00 00 00 00 00 00 00 00 00 00 00 00 00 00 00 00 00 00 00 00 00 00 00 00 00 00 00 00 00 00 00 00 00 00 00 00 00 00 00 00 00 00 00 00 00 00 00 00 00 00 00 00 00 00 00 00 00 00 00 00 00 00 00 00 00 00 00 00 00 00 00 00 00 00 00 00 00 00 00 00 00 00 00 00 00 00 00 00 00 00 00 00 00 00 00 00 00 00 00 00 00 00 00 00 00 00 00 00 00 00 00 00 00 00 00 00 00 00 00 00 00 00 00 00 00 00 00 00 00 00 00 00 00 00 00 00 00 00 00 00 00 00 00 00 00 00 00 00 00 00 00 00 00 00 00 00 00 00 00 00 00 00 00
15:21:18.250 设备发送:68 E4 2A 00 0E 00 0D AB 14 00 01 00 FD 41 00 00 00 00 00 00 00 00 00 00 00 00 00 00 00 00 00 00 00 00 00 00 00 DC 42 00 00 00 00 00 00 00 00 00 00 00 00 00 00 00 00 00 00 00 00 00 00 00 00 00 00 00 00 00 00 00 00 00 00 00 00 00 00 00 00 00 00 00 00 00 00 00 00 00 00 00 00 00 00 00 00 00 00 00 00 00 00 00 00 00 00 00 00 00 00 00 00 00 00 00 00 00 00 00 00 00 00 00 00 00 00 00 00 00 00 00 00 00 00 00 00 00 00 00 00 00 00 00 00 00 00 00 00 00 00 00 00 00 00 00 00 00 00 00 00 00 00 00 00 00 00 00 00 00 00 00 00 00 00 00 00 00 00 00 00 00 00 00 00 00 00 00 00 00 00 00 00 00 00 00 00 00 00 00 00 00 00 00 00 00 00 00 00 00 00 00 00 00 00 00 00 00 00 00 00 00 00 00 00 00 00 00 00 00 00 00
15:21:18.466 设备发送:68 E4 2C 00 0E 00 0D AB 14 00 01 00 28 42 00 00 00 00 00 00 00 00 00 00 00 00 00 00 00 00 00 00 00 00 00 00 00 00 00 00 00 00 00 00 00 00 00 00 00 00 00 00 00 00 00 00 00 00 00 00 00 00 00 00 00 00 00 00 00 00 00 00 00 00 00 00 00 00 00 00 00 00 00 00 00 00 00 00 00 00 00 00 00 00 00 00 00 00 00 00 00 00 00 00 00 00 00 00 00 00 00 00 00 00 00 00 00 00 00 00 00 00 00 00 00 00 00 00 00 00 00 00 00 00 00 00 00 00 00 00 00 00 00 00 00 00 00 DC 42 00 00 00 00 00 00 00 00 00 00 00 00 00 00 00 00 00 00 00 00 00 00 00 00 00 00 00 00 00 00 00 00 00 00 00 00 00 00 00 00 00 00 00 00 00 00 00 00 00 00 00 00 00 00 00 00 00 00 00 00 00 00 00 00 00 00 00 00 00 00 00 00 00 00 00 00 00 00 00 00 00
15:21:18.671 设备发送:68 DA 2E 00 0E 00 0D A9 14 00 01 00 53 42 00 00 00 00 00 00 00 00 00 00 00 00 00 00 00 00 00 00 00 00 00 00 00 00 00 00 00 00 00 00 00 00 00 00 00 00 00 00 00 00 00 00 00 00 00 00 00 00 00 00 00 00 00 00 00 00 00 00 00 00 00 00 00 00 00 00 00 00 00 00 00 00 00 00 00 00 00 00 00 00 00 00 00 00 00 00 00 00 00 00 00 00 00 00 00 00 00 00 00 00 00 00 00 00 00 00 00 00 00 00 00 00 00 00 00 00 00 00 00 00 00 00 00 00 00 00 00 00 00 00 00 00 00 00 00 00 00 00 00 00 00 00 00 00 00 00 00 00 00 00 00 00 00 00 00 00 00 00 00 00 00 00 00 00 00 00 00 00 00 00 00 00 00 00 00 00 00 00 00 00 00 00 00 00 00 00 00 00 00 00 00 00 00 00 00 00 00 00 00 00 00 00 00 00 00 00
15:21:18.764 设备接收:68 04 01 00 30 00
15:21:18.887 设备发送:68 E4 30 00 0E 00 0D AB 14 00 01 00 7C 42 00 00 00 00 00 00 00 00 00 00 00 00 00 00 00 00 00 00 00 00 00 00 00 00 00 00 00 00 00 00 00 00 00 00 00 00 00 00 DC 42 00 00 00 00 00 00 00 00 00 00 00 00 00 00 00 00 00 00 00 00 00 00 00 00 00 00 00 00 00 00 00 00 00 00 00 00 00 00 00 00 00 00 00 00 00 00 00 00 00 00 00 00 00 00 00 00 00 00 00 00 00 00 00 00 00 00 00 00 00 00 00 00 00 00 00 00 00 00 00 00 00 00 00 00 00 00 00 00 00 00 00 00 00 00 00 00 00 00 00 00 00 00 00 00 00 00 00 00 00 00 00 00 00 00 00 00 00 00 00 00 00 00 00 00 00 00 00 00 00 00 00 00 00 00 00 00 00 00 00 00 00 00 00 00 00 00 00 00 00 00 00 00 00 00 00 00 00 00 00 00 00 00 00 00 00 00 00 00 00 00 00 00 00 00 00 00
15:21:19.077 设备发送:68 E4 32 00 0E 00 0D AB 14 00 01 00 A7 42 00 00 00 00 00 00 00 00 00 00 00 00 00 00 00 00 00 00 00 00 00 00 00 00 00 00 00 00 00 00 00 00 00 00 00 00 00 00 00 00 00 00 00 00 00 00 00 00 00 00 00 00 00 00 00 00 00 00 00 00 00 00 00 00 00 00 00 00 00 00 00 00 00 00 00 00 00 00 00 00 00 00 00 00 00 00 00 00 00 00 00 00 00 00 00 00 00 00 00 00 00 00 00 00 00 00 00 00 00 00 00 00 00 00 00 00 00 00 00 00 00 00 00 00 00 00 00 00 00 00 00 00 00 00 00 00 00 00 00 00 00 00 00 00 00 00 00 00 DC 42 00 00 00 00 00 00 00 00 00 00 00 00 00 00 00 00 00 00 00 00 00 00 00 00 00 00 00 00 00 00 00 00 00 00 00 00 00 00 00 00 00 00 00 00 00 00 00 00 00 00 00 00 00 00 00 00 00 00 00 00 00 00 00 00 00 00
15:21:19.294 设备发送:68 DA 34 00 0E 00 0D A9 14 00 01 00 D2 42 00 00 00 00 00 00 00 00 00 00 00 00 00 00 00 00 00 00 00 00 00 00 00 00 00 00 00 00 00 00 00 00 00 00 00 00 00 00 00 00 00 00 00 00 00 00 00 00 00 00 00 00 00 00 00 00 00 00 00 00 00 00 00 00 00 00 00 00 00 00 00 00 00 00 00 00 00 00 00 00 00 00 00 00 00 00 00 00 00 00 00 00 00 00 00 00 00 00 00 00 00 00 00 00 00 00 00 00 00 00 00 00 00 00 00 00 00 00 00 00 00 00 00 00 00 00 00 00 00 00 00 00 00 00 00 00 00 00 00 00 00 00 00 00 00 00 00 00 00 00 00 00 00 00 00 00 00 00 00 00 00 00 00 00 00 00 00 00 00 00 00 00 00 00 00 00 00 00 00 00 00 00 00 00 00 00 00 00 00 00 00 00 00 00 00 00 00 00 00 00 00 00 00 00 00 00
15:21:19.512 设备发送:68 E4 36 00 0E 00 0D AB 14 00 01 00 FB 42 00 00 00 00 00 00 00 00 00 00 00 00 00 00 00 00 00 00 00 00 00 00 00 00 00 00 00 00 00 00 00 00 00 00 00 00 00 00 00 00 00 00 00 00 00 00 00 00 00 00 00 00 00 20 42 00 00 00 00 00 00 00 00 00 00 00 00 00 00 00 00 00 00 00 00 00 00 00 00 00 00 00 00 00 00 00 00 00 00 00 00 00 00 00 00 00 00 00 00 00 00 00 00 00 00 00 00 00 00 00 00 00 00 00 00 00 00 00 00 00 00 00 00 00 00 00 00 00 00 00 00 00 00 00 00 00 00 00 00 00 00 00 00 00 00 00 00 00 00 00 00 00 00 00 00 00 00 00 00 00 00 00 00 00 00 00 00 00 00 00 00 00 00 00 00 00 00 00 00 00 00 00 00 00 00 00 00 00 00 00 00 00 00 00 00 00 00 00 00 00 00 00 00 00 00 00 00 00 00 00 00 00 00 00 00 00
15:21:19.604 设备接收:68 04 01 00 38 00
15:21:19.755 设备发送:68 D0 38 00 0E 00 0D A7 14 00 01 00 26 43 00 00 00 00 00 00 00 00 00 00 00 00 00 00 00 00 00 00 00 00 00 00 00 00 00 00 00 00 00 00 00 00 00 00 00 00 00 00 00 00 00 00 00 00 00 00 00 00 00 00 00 00 00 00 00 00 00 00 00 00 00 00 00 00 00 00 00 00 00 00 00 00 00 00 00 00 00 00 00 00 00 00 00 00 00 00 00 00 00 00 00 00 00 00 00 00 00 00 00 00 00 00 00 00 00 00 00 00 00 00 00 00 00 00 00 00 00 00 00 00 00 00 00 00 00 00 00 00 00 00 00 00 00 00 00 00 00 00 00 00 00 00 00 00 00 00 00 00 00 00 00 00 00 00 00 00 00 00 00 00 00 00 00 04 42 00 00 00 00 00 00 00 00 00 00 00 00 00 00 00 00 00 00 00 00 00 00 00 00 00 00 00 00 00 00 00
15:21:19.900 设备发送:68 0E 3A 00 0E 00 64 01 0A 00 01 00 00 00 00 14
15:21:23.051 设备接收:68 04 01 00 3C 00
15:21:25.546 设备发送:68 12 3C 00 0E 00 01 02 03 00 01 00 97 00 00 01 98 00 00 00
15:21:25.765 设备发送:68 20 3E 00 0E 00 1E 02 03 00 01 00 97 00 00 01 67 5B 15 0F 0D 01 19 98 00 00 00 71 5B 15 0F 0D 01 19
15:21:29.059 设备接收:68 04 01 00 40 00
15:21:34.998 设备发送:68 9A 40 00 0E 00 0D 12 03 00 01 00 04 41 00 00 E0 49 44 00 05 41 00 9A F9 4A 44 00 06 41 00 00 00 4D 44 00 07 41 00 00 60 3C 44 00 08 41 00 00 00 9B 42 00 09 41 00 9A D9 41 44 00 0A 41 00 33 93 3F 44 00 0B 41 00 9A B9 49 44 00 0C 41 00 CD CC 0B 43 00 0D 41 00 9A 99 0C 43 00 18 41 00 14 AE 47 40 00 19 41 00 1E 85 EB 3F 00 1A 41 00 CC CC CC 3F 00 1B 41 00 D7 A3 40 40 00 1C 41 00 9A 99 FD 41 00 1D 41 00 33 33 53 40 00 1E 41 00 EB 51 D8 3F 00 1F 41 00 F5 28 DC 3F 00
15:21:38.500 设备接收:68 04 01 00 42 00
15:21:47.061 设备发送:68 1A 42 00 0E 00 0D 02 03 00 01 00 3C 41 00 00 00 48 42 00 3D 41 00 00 C0 15 44 00
15:21:50.363 设备接收:68 04 01 00 44 00
15:21:55.072 设备发送:68 1A 44 00 0E 00 0D 02 03 00 01 00 78 41 00 8F C2 65 41 00 7B 41 00 47 E1 47 42 00
15:21:56.403 设备接收:68 0D 0E 00 46 00 C9 01 06 00 01 00 00 00 00
15:21:56.481 设备发送:68 18 46 00 10 00 C9 01 07 00 01 00 00 00 00 00 00 00 00 01 00 00 00 00 00 00
15:21:58.390 设备接收:68 04 01 00 48 00
15:21:59.093 设备发送:68 2A 48 00 10 00 0D 04 03 00 01 00 71 41 00 9A 99 68 43 00 72 41 00 00 80 68 43 00 74 41 00 AE 47 A5 41 00 75 41 00 F6 28 A6 41 00
15:22:02.412 设备接收:68 04 01 00 4A 00
15:22:03.128 设备发送:68 1A 4A 00 10 00 0D 02 03 00 01 00 73 41 00 9A 99 69 43 00 76 41 00 66 66 A6 41 00
15:22:04.222 设备接收:68 0F 10 00 4C 00 CA 01 06 00 01 00 00 00 57 80 00
15:22:04.300 设备发送:68 16 4C 00 12 00 CA 01 07 00 01 00 00 00 00 57 80 00 26 04 00 80 8E 43
15:22:06.427 设备接收:68 04 01 00 4E 00
15:22:07.730 设备发送:68 12 4E 00 12 00 01 02 03 00 01 00 C5 00 00 01 C6 00 00 00
15:22:07.932 设备发送:68 20 50 00 12 00 1E 02 03 00 01 00 C5 00 00 01 EE 15 16 0F 0D 01 19 C6 00 00 00 FA 15 16 0F 0D 01 19
15:22:11.041 设备接收:68 04 01 00 52 00
15:22:11.545 设备发送:68 5A 52 00 12 00 0D 0A 03 00 01 00 45 41 00 00 C0 40 44 00 46 41 00 9A F9 3D 44 00 47 41 00 67 86 3F 44 00 48 41 00 00 A0 40 44 00 49 41 00 47 61 9A 42 00 59 41 00 85 EB 41 40 00 5A 41 00 8F C2 45 40 00 5B 41 00 66 66 C6 3F 00 5C 41 00 5C 8F 52 40 00 5D 41 00 CD CC 84 41 00
15:22:14.863 设备接收:68 04 01 00 54 00
15:22:15.581 设备发送:68 5A 54 00 12 00 0D 0A 03 00 01 00 4A 41 00 67 46 41 44 00 4B 41 00 CD 2C 41 44 00 4C 41 00 9A F9 26 44 00 4D 41 00 33 D3 40 44 00 4E 41 00 9A D9 40 44 00 5E 41 00 70 3D CA 3F 00 5F 41 00 C2 F5 C8 3F 00 60 41 00 5C 8F E2 3F 00 61 41 00 85 EB D1 3F 00 62 41 00 1E 85 EB 3F 00
15:22:18.880 设备接收:68 04 01 00 56 00
15:22:23.598 设备发送:68 12 56 00 12 00 0D 01 03 00 01 00 7E 41 00 00 80 FC 43 00
15:22:26.911 设备接收:68 04 01 00 58 00
15:22:27.618 设备发送:68 12 58 00 12 00 0D 01 03 00 01 00 7D 41 00 00 00 80 42 00
15:22:31.128 设备接收:68 04 01 00 5A 00
15:22:35.665 设备发送:68 2A 5A 00 12 00 0D 04 03 00 01 00 B2 41 00 CD 4C 68 43 00 B5 41 00 47 E1 92 41 00 B9 41 00 47 E1 4A 41 00 BC 41 00 47 E1 47 42 00
15:22:38.955 设备接收:68 04 01 00 5C 00
15:22:39.674 设备发送:68 1A 5C 00 12 00 0D 02 03 00 01 00 B3 41 00 00 00 69 43 00 B6 41 00 7B 14 92 41 00
15:22:43.170 设备接收:68 04 01 00 5E 00
15:22:43.673 设备发送:68 1A 5E 00 12 00 0D 02 03 00 01 00 B4 41 00 67 66 69 43 00 B7 41 00 EB 51 94 41 00
15:22:46.991 设备接收:68 04 01 00 60 00
15:22:47.116 设备发送:68 12 60 00 12 00 01 02 03 00 01 00 F3 00 00 01 F4 00 00 00
15:22:47.338 设备发送:68 20 62 00 12 00 1E 02 03 00 01 00 F3 00 00 01 C7 AF 16 0F 0D 01 19 F4 00 00 00 CE AF 16 0F 0D 01 19
15:22:50.439 设备接收:68 04 01 00 64 00
15:22:52.124 设备发送:68 5A 64 00 12 00 0D 0A 03 00 01 00 86 41 00 00 80 41 44 00 87 41 00 CD 2C 3D 44 00 88 41 00 33 B3 3E 44 00 89 41 00 00 C0 40 44 00 8A 41 00 66 66 9A 42 00 9A 41 00 E1 7A 44 40 00 9B 41 00 85 EB 31 40 00 9C 41 00 14 AE C7 3F 00 9D 41 00 7B 14 CE 3F 00 9E 41 00 33 33 7B 41 00
15:22:55.446 设备接收:68 04 01 00 66 00
15:22:56.151 设备发送:68 5A 66 00 12 00 0D 0A 03 00 01 00 8B 41 00 00 80 3B 44 00 8C 41 00 CD 6C 41 44 00 8D 41 00 00 40 40 44 00 8E 41 00 33 33 2E 44 00 8F 41 00 00 80 3F 44 00 9F 41 00 29 5C CF 3F 00 A0 41 00 66 66 C6 3F 00 A1 41 00 E1 7A D4 3F 00 A2 41 00 0A D7 C3 3F 00 A3 41 00 00 00 C0 3F 00
15:22:59.471 设备接收:68 04 01 00 68 00
15:23:04.180 设备发送:68 12 68 00 12 00 0D 01 03 00 01 00 BF 41 00 00 00 F3 43 00
15:23:07.501 设备接收:68 04 01 00 6A 00
15:23:08.222 设备发送:68 1A 6A 00 12 00 0D 02 03 00 01 00 27 40 00 5C 8F 1A 42 00 BE 41 00 00 00 6C 42 00
15:23:12.111 设备接收:68 04 01 00 6C 00
15:23:12.235 设备发送:68 1A 6C 00 12 00 0D 02 03 00 01 00 FA 41 00 B8 1E 5D 41 00 FD 41 00 00 00 48 42 00
15:23:15.526 设备接收:68 04 01 00 6E 00
15:23:16.244 设备发送:68 1A 6E 00 12 00 0D 02 03 00 01 00 F3 41 00 00 80 68 43 00 F6 41 00 F6 28 A0 41 00
15:23:19.566 设备接收:68 04 01 00 70 00
15:23:20.271 设备发送:68 2A 70 00 12 00 0D 04 03 00 01 00 F4 41 00 9A 19 69 43 00 F5 41 00 33 33 69 43 00 F7 41 00 3D 0A 9F 41 00 F8 41 00 00 00 A2 41 00
15:23:23.761 设备接收:68 04 01 00 72 00
15:23:26.286 设备发送:68 12 72 00 12 00 01 02 03 00 01 00 21 01 00 01 22 01 00 00
15:23:26.488 设备发送:68 20 74 00 12 00 1E 02 03 00 01 00 21 01 00 01 7C 5E 17 0F 0D 01 19 22 01 00 00 85 5E 17 0F 0D 01 19
15:23:29.596 设备接收:68 04 01 00 76 00
15:23:32.734 设备发送:68 AA 76 00 12 00 0D 14 03 00 01 00 C7 41 00 00 20 41 44 00 C8 41 00 33 33 41 44 00 C9 41 00 67 46 41 44 00 CA 41 00 33 F3 40 44 00 CB 41 00 29 DC 9B 42 00 CC 41 00 67 C6 40 44 00 CD 41 00 67 C6 3E 44 00 CE 41 00 67 26 37 44 00 CF 41 00 67 C6 26 44 00 D0 41 00 9A 19 2A 44 00 DB 41 00 EB 51 48 40 00 DC 41 00 CC CC CC 3F 00 DD 41 00 14 AE C7 3F 00 DE 41 00 C2 F5 C8 3F 00 DF 41 00 00 00 70 41 00 E0 41 00 7B 14 CE 3F 00 E1 41 00 47 E1 DA 3F 00 E2 41 00 E1 7A 44 40 00 E3 41 00 F6 28 1C 40 00 E4 41 00 0A D7 13 40 00
15:23:36.008 设备接收:68 04 01 00 78 00
15:23:44.780 设备发送:68 1A 78 00 12 00 0D 02 03 00 01 00 FF 41 00 00 00 50 42 00 00 42 00 00 00 03 44 00
15:23:48.082 设备接收:68 04 01 00 7A 00
15:23:52.831 设备发送:68 2A 7A 00 12 00 0D 04 03 00 01 00 0B 40 00 47 E1 06 C2 00 17 40 00 7B 14 26 42 00 3B 42 00 7B 14 2A 41 00 3E 42 00 F5 28 48 42 00
15:23:56.120 设备接收:68 04 01 00 7C 00
15:23:56.839 设备发送:68 32 7C 00 12 00 0D 05 03 00 01 00 07 40 00 E1 7A 9C C1 00 34 42 00 67 E6 67 43 00 35 42 00 CD CC 68 43 00 37 42 00 52 B8 76 41 00 38 42 00 85 EB 79 41 00
15:24:00.145 设备接收:68 04 01 00 7E 00
15:24:00.862 设备发送:68 1A 7E 00 12 00 0D 02 03 00 01 00 36 42 00 CD 4C 69 43 00 39 42 00 8F C2 7D 41 00
15:24:04.171 设备接收:68 04 01 00 80 00
15:24:05.472 设备发送:68 12 80 00 12 00 01 02 03 00 01 00 4F 01 00 01 50 01 00 00
15:24:05.656 设备发送:68 20 82 00 12 00 1E 02 03 00 01 00 4F 01 00 01 54 0D 18 0F 0D 01 19 50 01 00 00 5C 0D 18 0F 0D 01 19
15:24:08.769 设备接收:68 04 01 00 84 00
15:24:09.268 设备发送:68 5A 84 00 12 00 0D 0A 03 00 01 00 37 40 00 8F C2 F5 41 00 08 42 00 33 33 49 44 00 09 42 00 33 93 4B 44 00 0A 42 00 9A F9 4C 44 00 0B 42 00 67 66 FC 42 00 0C 42 00 85 6B 9B 42 00 1C 42 00 0A D7 23 40 00 1D 42 00 52 B8 1E 40 00 1E 42 00 66 66 16 40 00 20 42 00 CD CC CC 41 00
15:24:10.173 设备接收:68 0E 12 00 86 00 64 01 06 00 01 00 00 00 00 14
15:24:10.266 设备发送:68 0E 86 00 14 00 64 01 07 00 01 00 00 00 00 14
15:24:10.498 设备发送:68 8C 88 00 14 00 01 FF 14 00 01 00 01 00 00 01 00 00 00 00 00 01 01 01 00 00 00 01 00 00 00 00 00 00 00 00 00 00 00 00 00 00 00 00 00 00 00 00 00 00 00 00 00 00 00 00 00 00 00 00 00 00 00 00 00 00 00 00 00 00 00 00 00 01 00 00 00 00 00 00 00 00 00 00 00 00 00 00 00 00 00 00 00 00 00 00 00 00 00 00 00 00 00 00 00 00 00 00 00 00 00 00 00 00 00 00 00 00 00 01 00 00 00 00 00 00 00 00 00 00 00 00 00 00 00 00 00 00 00 00 00 00
15:24:10.692 设备发送:68 8C 8A 00 14 00 01 FF 14 00 01 00 80 00 00 00 00 00 00 00 00 00 00 00 00 00 00 00 00 00 00 00 00 00 00 00 00 00 01 00 00 00 00 00 00 00 00 00 00 00 00 00 00 00 00 00 00 00 00 00 00 00 00 00 00 00 00 00 00 00 00 00 00 00 00 00 00 00 00 00 00 00 00 00 01 00 00 00 00 00 00 00 00 00 00 00 00 00 00 00 00 00 00 00 00 00 00 00 00 00 00 00 00 00 00 00 00 00 00 00 00 00 00 00 00 00 00 00 00 00 01 00 00 00 00 00 00 00 00 00 00 00
15:24:10.808 设备接收:68 04 01 00 8C 00
15:24:10.902 设备发送:68 8C 8C 00 14 00 01 FF 14 00 01 00 FF 00 00 00 00 00 00 00 00 00 00 00 00 00 00 00 00 00 00 00 00 00 00 00 00 00 00 00 00 00 00 00 00 00 00 00 00 01 00 00 00 00 00 00 00 00 00 00 00 00 00 00 00 00 00 00 00 00 00 00 00 00 00 00 00 00 00 00 00 00 00 00 00 00 00 00 00 00 00 00 00 00 00 01 00 00 00 00 00 00 00 00 00 00 00 00 00 00 00 00 00 00 00 00 00 00 00 00 00 00 00 00 00 00 00 00 00 00 00 00 00 00 00 00 00 00 00 00 00 00
15:24:11.107 设备发送:68 8C 8E 00 14 00 01 FF 14 00 01 00 7E 01 00 01 00 00 00 00 00 00 00 00 00 00 00 00 00 00 00 00 00 00 00 00 00 00 00 00 00 00 00 00 00 00 00 00 00 00 00 00 00 00 00 00 00 00 00 00 00 01 00 00 00 00 00 00 00 00 00 00 00 00 00 00 00 00 00 00 00 00 00 00 00 00 00 00 00 00 00 00 00 00 00 00 00 00 00 00 00 00 00 00 00 00 00 01 00 00 00 00 00 00 00 00 00 00 00 00 00 00 00 00 00 00 00 00 00 00 00 00 00 00 00 00 00 00 00 00 00 00
15:24:11.308 设备发送:68 42 90 00 14 00 01 B5 14 00 01 00 FD 01 00 00 00 00 00 00 00 00 00 00 00 00 01 00 00 00 00 00 00 00 00 00 00 00 00 00 00 00 00 00 00 00 00 00 00 00 00 00 00 00 00 00 00 00 00 00 00 00 00 00 00 00 00 00
15:24:11.527 设备发送:68 E4 92 00 14 00 0D AB 14 00 01 00 01 40 00 33 33 69 43 00 00 00 6A 43 00 9A 19 6A 43 00 00 00 00 00 00 00 00 00 00 00 CD CC DC 40 00 E1 7A 9C C1 00 00 00 00 00 00 29 5C 1F C1 00 A4 70 1D C1 00 85 EB 05 C2 00 00 00 00 00 00 66 66 86 C1 00 A4 70 85 C1 00 13 83 00 BF 00 3D 0A 48 42 00 67 E6 68 43 00 33 B3 69 43 00 33 33 69 43 00 00 00 00 00 00 CD CC 9C 40 00 CD CC 9C 40 00 D7 A3 24 42 00 C2 F5 58 41 00 CC CC 5C 41 00 47 E1 5A 41 00 00 00 00 00 00 8F C2 F5 3D 00 8F C2 75 BE 00 00 00 00 00 00 00 00 80 3F 00 3D 0A 48 42 00 00 80 68 43 00 CD CC 69 43 00 CD 4C 6A 43 00 00 00 00 00 00 00 00 90 40 00 33 33 93 40 00 B8 1E 19 42 00 14 AE 47 41 00 A4 70 4D 41 00 1E 85 4B 41 00 8F C2 F5 BD 00
15:24:11.604 设备接收:68 04 01 00 94 00
15:24:11.713 设备发送:68 E4 94 00 14 00 0D AB 14 00 01 00 2C 40 00 00 00 00 00 00 8F C2 F5 BD 00 8F C2 F5 BD 00 00 00 80 3F 00 3D 0A 48 42 00 67 66 67 43 00 67 66 69 43 00 33 B3 69 43 00 00 00 00 00 00 CD CC 6C 40 00 CD CC 6C 40 00 8F C2 F5 41 00 33 33 23 41 00 B8 1E 25 41 00 AE 47 21 41 00 8F C2 F5 BE 00 00 00 00 00 00 8F C2 75 BE 00 8F C2 75 BE 00 00 00 80 3F 00 00 00 48 42 00 00 00 B5 42 00 33 33 B5 42 00 CD EC 2E 44 00 00 00 B4 42 00 47 E1 0E 41 00 00 E0 3D 44 00 33 33 B1 42 00 00 00 B3 42 00 CD CC B2 42 00 CD CC B2 42 00 CD CC 4C 3E 00 CD CC 4C 3E 00 00 00 00 00 00 00 00 00 00 00 00 00 00 00 00 00 00 00 00 00 00 00 00 00 00 00 00 00 00 00 00 00 00 00 00 00 00 00 00 00 00 00 00 00 00 0A D7 23 3C 00
15:24:11.916 设备发送:68 DA 96 00 14 00 0D A9 14 00 01 00 57 40 00 0A D7 EB 40 00 CC CC 4C 3D 00 67 66 66 3F 00 00 00 88 40 00 0A D7 23 3C 00 00 00 00 00 00 00 00 00 00 00 00 00 00 00 00 00 00 00 00 00 00 00 00 00 00 00 00 00 00 00 00 00 00 00 00 00 00 00 00 00 00 00 00 00 00 00 00 00 00 00 00 00 00 00 00 00 00 00 00 00 00 00 00 00 00 00 00 00 00 00 00 00 00 00 00 00 00 00 00 00 00 00 00 00 00 33 B3 68 43 00 CD 4C 68 43 00 CD CC 68 43 00 52 B8 36 41 00 00 00 38 41 00 D7 A3 3C 41 00 00 00 00 00 00 99 99 F9 40 00 70 3D 8A BE 00 00 00 00 00 00 B8 1E 48 42 00 00 00 00 00 00 00 00 10 42 00 00 C0 39 44 00 00 00 DC 42 00 00 00 00 00 00 00 00 00 00 00 00 00 00 00 00 00 00 00 00 00
15:24:12.136 设备发送:68 E4 98 00 14 00 0D AB 14 00 01 00 80 40 00 00 00 00 00 00 00 00 00 00 00 33 93 3C 44 00 CD EC 3C 44 00 00 00 DF 42 00 33 33 DF 42 00 70 BD 95 42 00 CD 6C 35 44 00 33 F3 3D 44 00 00 00 DF 42 00 67 66 DF 42 00 CD CC DE 42 00 00 00 00 00 00 00 00 00 00 00 00 00 00 00 00 00 00 00 00 00 00 00 00 00 00 00 00 00 00 00 00 00 00 00 00 00 00 00 00 00 00 00 00 00 00 00 00 00 00 00 85 EB 05 41 00 B8 1E 8D 40 00 00 00 00 00 00 00 00 00 00 00 CD CC 8C 42 00 7B 14 FE 40 00 29 5C 7F 40 00 8F C2 75 3D 00 00 00 00 00 00 00 00 00 00 00 00 00 00 00 00 0A D7 23 3D 00 00 00 00 00 00 00 00 00 00 00 00 00 00 00 00 00 00 00 00 00 00 00 00 00 00 00 00 00 00 00 00 00 00 00 00 00 00 00 00 00 00 00 00 00 00
15:24:12.358 设备发送:68 E4 9A 00 14 00 0D AB 14 00 01 00 AB 40 00 00 00 00 00 00 00 00 00 00 00 00 00 00 00 00 33 B3 69 43 00 00 00 69 43 00 CD CC 69 43 00 14 AE FF 41 00 29 5C FF 41 00 AE 47 00 42 00 00 00 00 00 00 CD CC B2 41 00 5C 8F 42 BE 00 00 00 00 00 00 B8 1E 48 42 00 00 00 00 00 00 00 00 5C 42 00 00 C0 34 44 00 00 00 DC 42 00 00 00 00 00 00 00 00 00 00 00 00 00 00 00 00 00 00 00 00 00 00 00 00 00 00 00 00 00 00 00 00 00 36 44 00 67 46 35 44 00 00 E0 34 44 00 33 53 35 44 00 B8 9E 8E 42 00 CD EC 14 44 00 9A 99 DF 42 00 00 00 E1 42 00 33 33 DE 42 00 33 33 E0 42 00 67 66 A6 3F 00 00 00 00 3F 00 00 00 00 00 00 00 00 00 00 00 00 00 00 00 00 00 00 00 00 00 00 00 00 00 00 00 00 00 00 00 00 00 00 00 00
15:24:12.451 设备接收:68 04 01 00 9C 00
15:24:12.546 设备发送:68 DA 9C 00 14 00 0D A9 14 00 01 00 D6 40 00 00 00 00 00 00 66 66 02 41 00 3D 0A 03 41 00 5C 8F 02 41 00 99 99 01 41 00 00 00 B0 42 00 70 3D 92 40 00 00 00 00 00 00 00 00 00 00 00 29 5C 8F 3D 00 29 5C 8F 3D 00 0A D7 23 3C 00 8F C2 F5 3C 00 00 00 00 00 00 00 00 00 00 00 00 00 00 00 00 00 00 00 00 00 00 00 00 00 00 00 00 00 00 00 00 00 00 00 00 00 00 00 00 00 00 00 00 00 00 00 00 00 00 00 00 00 00 00 00 00 00 00 00 00 CD 4C 6A 43 00 33 33 6A 43 00 00 00 6B 43 00 F6 28 31 42 00 14 AE 30 42 00 5C 8F 31 42 00 00 00 00 00 00 00 00 F8 41 00 CC CC 4C BF 00 00 00 00 00 00 47 E1 47 42 00 00 00 00 00 00 00 00 1C 42 00 00 C0 30 44 00 00 00 DC 42 00 00 00 00 00 00
15:24:12.751 设备发送:68 E4 9E 00 14 00 0D AB 14 00 01 00 FF 40 00 00 00 00 00 00 00 00 00 00 00 00 00 00 00 00 00 00 00 00 00 00 00 00 00 00 00 E0 49 44 00 9A F9 4A 44 00 00 00 4D 44 00 00 60 3C 44 00 00 00 9B 42 00 9A D9 41 44 00 33 93 3F 44 00 9A B9 49 44 00 CD CC 0B 43 00 9A 99 0C 43 00 00 00 00 00 00 CD CC CC 3E 00 00 00 00 00 00 00 00 00 00 00 00 00 00 00 00 00 00 00 00 00 00 00 00 00 00 00 00 00 00 00 00 00 00 00 00 00 00 00 00 00 14 AE 47 40 00 1E 85 EB 3F 00 CC CC CC 3F 00 D7 A3 40 40 00 9A 99 FD 41 00 33 33 53 40 00 EB 51 D8 3F 00 F5 28 DC 3F 00 00 00 00 00 00 29 5C 8F 3D 00 00 00 00 00 00 0A D7 A3 3C 00 00 00 00 00 00 00 00 00 00 00 00 00 00 00 00 00 00 00 00 00 00 00 00 00 00 00 00 00 00 00
15:24:12.953 设备发送:68 E4 A0 00 14 00 0D AB 14 00 01 00 2A 41 00 00 00 00 00 00 00 00 00 00 00 00 00 00 00 00 00 00 00 00 00 00 00 00 00 00 00 00 00 00 00 00 80 68 43 00 CD CC 68 43 00 CD 4C 69 43 00 00 00 A0 41 00 8F C2 9D 41 00 A4 70 A3 41 00 00 00 00 00 00 00 00 5C 41 00 8F C2 F5 BC 00 00 00 00 00 00 47 E1 47 42 00 00 00 00 00 00 00 00 48 42 00 00 C0 15 44 00 00 00 DC 42 00 00 00 00 00 00 00 00 00 00 00 00 00 00 00 00 00 00 00 00 00 00 00 00 00 00 00 00 00 00 00 00 C0 40 44 00 9A F9 3D 44 00 67 86 3F 44 00 00 A0 40 44 00 47 61 9A 42 00 67 46 41 44 00 CD 2C 41 44 00 9A F9 26 44 00 33 D3 40 44 00 9A D9 40 44 00 00 00 00 00 00 00 00 00 00 00 00 00 00 00 00 00 00 00 00 00 00 00 00 00 00 00 00 00 00 00
15:24:13.172 设备发送:68 DA A2 00 14 00 0D A9 14 00 01 00 55 41 00 00 00 00 00 00 00 00 00 00 00 00 00 00 00 00 00 00 00 00 00 85 EB 41 40 00 8F C2 45 40 00 66 66 C6 3F 00 5C 8F 52 40 00 CD CC 84 41 00 70 3D CA 3F 00 C2 F5 C8 3F 00 5C 8F E2 3F 00 85 EB D1 3F 00 1E 85 EB 3F 00 00 00 00 00 00 0A D7 23 3C 00 00 00 00 00 00 00 00 00 00 00 00 00 00 00 00 00 00 00 00 00 00 00 00 00 00 00 00 00 00 00 00 00 00 00 00 00 00 00 00 00 00 00 00 00 00 00 00 00 00 00 00 00 00 00 00 00 00 00 00 00 9A 99 68 43 00 00 80 68 43 00 9A 99 69 43 00 AE 47 A5 41 00 F6 28 A6 41 00 66 66 A6 41 00 00 00 00 00 00 8F C2 65 41 00 C2 F5 A8 BE 00 00 00 00 00 00 47 E1 47 42 00 00 00 00 00 00 00 00 80 42 00
15:24:13.265 设备接收:68 04 01 00 A4 00
15:24:13.358 设备发送:68 E4 A4 00 14 00 0D AB 14 00 01 00 7E 41 00 00 80 FC 43 00 00 00 DC 42 00 00 00 00 00 00 00 00 00 00 00 00 00 00 00 00 00 00 00 00 00 00 00 00 00 00 00 00 00 00 00 00 80 41 44 00 CD 2C 3D 44 00 33 B3 3E 44 00 00 C0 40 44 00 66 66 9A 42 00 00 80 3B 44 00 CD 6C 41 44 00 00 40 40 44 00 33 33 2E 44 00 00 80 3F 44 00 00 00 00 00 00 00 00 00 00 00 00 00 00 00 00 00 00 00 00 00 00 00 00 00 00 00 00 00 00 00 00 00 00 00 00 00 00 00 00 00 00 00 00 00 00 00 00 00 00 00 E1 7A 44 40 00 85 EB 31 40 00 14 AE C7 3F 00 7B 14 CE 3F 00 33 33 7B 41 00 29 5C CF 3F 00 66 66 C6 3F 00 E1 7A D4 3F 00 0A D7 C3 3F 00 00 00 C0 3F 00 00 00 00 00 00 29 5C 8F 3D 00 00 00 00 00 00 00 00 00 00 00 00 00 00 00 00
15:24:13.559 设备发送:68 E4 A6 00 14 00 0D AB 14 00 01 00 A9 41 00 00 00 00 00 00 00 00 00 00 00 00 00 00 00 00 00 00 00 00 00 00 00 00 00 00 00 00 00 00 00 00 00 00 00 00 00 00 00 00 00 00 00 00 00 00 CD 4C 68 43 00 00 00 69 43 00 67 66 69 43 00 47 E1 92 41 00 7B 14 92 41 00 EB 51 94 41 00 00 00 00 00 00 47 E1 4A 41 00 8F C2 F5 BC 00 00 00 00 00 00 47 E1 47 42 00 00 00 00 00 00 00 00 6C 42 00 00 00 F3 43 00 00 00 DC 42 00 00 00 00 00 00 00 00 00 00 00 00 00 00 00 00 00 00 00 00 00 00 00 00 00 00 00 00 00 00 00 00 20 41 44 00 33 33 41 44 00 67 46 41 44 00 33 F3 40 44 00 29 DC 9B 42 00 67 C6 40 44 00 67 C6 3E 44 00 67 26 37 44 00 67 C6 26 44 00 9A 19 2A 44 00 00 00 00 00 00 00 00 00 00 00 00 00 00 00 00
15:24:13.794 设备发送:68 DA A8 00 14 00 0D A9 14 00 01 00 D4 41 00 00 00 00 00 00 00 00 00 00 00 00 00 00 00 00 00 00 00 00 00 00 00 00 00 00 00 00 00 00 00 00 00 00 00 00 EB 51 48 40 00 CC CC CC 3F 00 14 AE C7 3F 00 C2 F5 C8 3F 00 00 00 70 41 00 7B 14 CE 3F 00 47 E1 DA 3F 00 E1 7A 44 40 00 F6 28 1C 40 00 0A D7 13 40 00 00 00 00 00 00 CC CC 4C 3D 00 00 00 00 00 00 00 00 00 00 00 00 00 00 00 00 00 00 00 00 00 00 00 00 00 00 00 00 00 00 00 00 00 00 00 00 00 00 00 00 00 00 00 00 00 00 00 00 00 00 00 00 00 00 00 00 00 00 00 00 00 00 80 68 43 00 9A 19 69 43 00 33 33 69 43 00 F6 28 A0 41 00 3D 0A 9F 41 00 00 00 A2 41 00 00 00 00 00 00 B8 1E 5D 41 00 5C 8F 42 3E 00 00 00 00 00 00
15:24:14.006 设备发送:68 E4 AA 00 14 00 0D AB 14 00 01 00 FD 41 00 00 00 48 42 00 00 00 00 00 00 00 00 50 42 00 00 00 03 44 00 00 00 DC 42 00 00 00 00 00 00 00 00 00 00 00 00 00 00 00 00 00 00 00 00 00 00 00 00 00 00 00 00 00 00 00 33 33 49 44 00 33 93 4B 44 00 9A F9 4C 44 00 67 66 FC 42 00 85 6B 9B 42 00 00 C0 43 44 00 9A 99 41 44 00 67 66 FB 42 00 33 33 FB 42 00 67 66 FB 42 00 00 00 00 00 00 00 00 00 00 00 00 00 00 00 00 00 00 00 00 00 00 00 00 00 00 00 00 00 00 00 00 00 00 00 00 00 00 00 00 00 00 00 00 00 00 00 00 00 00 00 0A D7 23 40 00 52 B8 1E 40 00 66 66 16 40 00 00 00 00 00 00 CD CC CC 41 00 47 E1 1A 40 00 99 99 19 40 00 00 00 00 00 00 00 00 00 00 00 00 00 00 00 00 00 00 00 00 00 00 00 00 00 00
15:24:14.092 设备接收:68 04 01 00 AC 00
15:24:14.217 设备发送:68 E4 AC 00 14 00 0D AB 14 00 01 00 28 42 00 00 00 00 00 00 00 00 00 00 00 00 00 00 00 00 00 00 00 00 00 00 00 00 00 00 00 00 00 00 00 00 00 00 00 00 00 00 00 00 00 00 00 00 00 00 00 00 00 00 00 00 00 00 00 00 00 00 00 00 00 67 E6 67 43 00 CD CC 68 43 00 CD 4C 69 43 00 52 B8 76 41 00 85 EB 79 41 00 8F C2 7D 41 00 00 00 00 00 00 7B 14 2A 41 00 29 5C 0F 3E 00 00 00 00 00 00 F5 28 48 42 00 00 00 00 00 00 00 00 00 00 00 00 00 00 00 00 00 00 DC 42 00 00 00 00 00 00 00 00 00 00 00 00 00 00 00 00 00 00 00 00 00 00 00 00 00 00 00 00 00 00 00 00 00 00 00 00 00 00 00 00 00 00 00 00 00 00 00 00 00 00 00 00 00 00 00 00 00 00 00 00 00 00 00 00 00 00 00 00 00 00 00 00 00 00 00 00 00 00 00 00 00
15:24:14.387 设备发送:68 DA AE 00 14 00 0D A9 14 00 01 00 53 42 00 00 00 00 00 00 00 00 00 00 00 00 00 00 00 00 00 00 00 00 00 00 00 00 00 00 00 00 00 00 00 00 00 00 00 00 00 00 00 00 00 00 00 00 00 00 00 00 00 00 00 00 00 00 00 00 00 00 00 00 00 00 00 00 00 00 00 00 00 00 00 00 00 00 00 00 00 00 00 00 00 00 00 00 00 00 00 00 00 00 00 00 00 00 00 00 00 00 00 00 00 00 00 00 00 00 00 00 00 00 00 00 00 00 00 00 00 00 00 00 00 00 00 00 00 00 00 00 00 00 00 00 00 00 00 00 00 00 00 00 00 00 00 00 00 00 00 00 00 00 00 00 00 00 00 00 00 00 00 00 00 00 00 00 00 00 00 00 00 00 00 00 00 00 00 00 00 00 00 00 00 00 00 00 00 00 00 00 00 00 00 00 00 00 00 00 00 00 00 00 00 00 00 00 00 00
15:24:14.608 设备发送:68 E4 B0 00 14 00 0D AB 14 00 01 00 7C 42 00 00 00 00 00 00 00 00 00 00 00 00 00 00 00 00 00 00 00 00 00 00 00 00 00 00 00 00 00 00 00 00 00 00 00 00 00 00 DC 42 00 00 00 00 00 00 00 00 00 00 00 00 00 00 00 00 00 00 00 00 00 00 00 00 00 00 00 00 00 00 00 00 00 00 00 00 00 00 00 00 00 00 00 00 00 00 00 00 00 00 00 00 00 00 00 00 00 00 00 00 00 00 00 00 00 00 00 00 00 00 00 00 00 00 00 00 00 00 00 00 00 00 00 00 00 00 00 00 00 00 00 00 00 00 00 00 00 00 00 00 00 00 00 00 00 00 00 00 00 00 00 00 00 00 00 00 00 00 00 00 00 00 00 00 00 00 00 00 00 00 00 00 00 00 00 00 00 00 00 00 00 00 00 00 00 00 00 00 00 00 00 00 00 00 00 00 00 00 00 00 00 00 00 00 00 00 00 00 00 00 00 00 00 00 00 00
15:24:14.827 设备发送:68 E4 B2 00 14 00 0D AB 14 00 01 00 A7 42 00 00 00 00 00 00 00 00 00 00 00 00 00 00 00 00 00 00 00 00 00 00 00 00 00 00 00 00 00 00 00 00 00 00 00 00 00 00 00 00 00 00 00 00 00 00 00 00 00 00 00 00 00 00 00 00 00 00 00 00 00 00 00 00 00 00 00 00 00 00 00 00 00 00 00 00 00 00 00 00 00 00 00 00 00 00 00 00 00 00 00 00 00 00 00 00 00 00 00 00 00 00 00 00 00 00 00 00 00 00 00 00 00 00 00 00 00 00 00 00 00 00 00 00 00 00 00 00 00 00 00 00 00 00 00 00 00 00 00 00 00 00 00 00 00 00 00 00 DC 42 00 00 00 00 00 00 00 00 00 00 00 00 00 00 00 00 00 00 00 00 00 00 00 00 00 00 00 00 00 00 00 00 00 00 00 00 00 00 00 00 00 00 00 00 00 00 00 00 00 00 00 00 00 00 00 00 00 00 00 00 00 00 00 00 00 00
15:24:14.905 设备接收:68 04 01 00 B4 00 68 0F 14 00 B4 00 CA 01 06 00 01 00 00 00 57 80 00
15:24:15.031 设备发送:68 DA B4 00 16 00 0D A9 14 00 01 00 D2 42 00 00 00 00 00 00 00 00 00 00 00 00 00 00 00 00 00 00 00 00 00 00 00 00 00 00 00 00 00 00 00 00 00 00 00 00 00 00 00 00 00 00 00 00 00 00 00 00 00 00 00 00 00 00 00 00 00 00 00 00 00 00 00 00 00 00 00 00 00 00 00 00 00 00 00 00 00 00 00 00 00 00 00 00 00 00 00 00 00 00 00 00 00 00 00 00 00 00 00 00 00 00 00 00 00 00 00 00 00 00 00 00 00 00 00 00 00 00 00 00 00 00 00 00 00 00 00 00 00 00 00 00 00 00 00 00 00 00 00 00 00 00 00 00 00 00 00 00 00 00 00 00 00 00 00 00 00 00 00 00 00 00 00 00 00 00 00 00 00 00 00 00 00 00 00 00 00 00 00 00 00 00 00 00 00 00 00 00 00 00 00 00 00 00 00 00 00 00 00 00 00 00 00 00 00 00 68 16 B6 00 16 00 CA 01 07 00 01 00 00 00 00 57 80 00 26 04 00 80 8E 43
15:24:15.220 设备发送:68 E4 B8 00 16 00 0D AB 14 00 01 00 FB 42 00 00 00 00 00 00 00 00 00 00 00 00 00 00 00 00 00 00 00 00 00 00 00 00 00 00 00 00 00 00 00 00 00 00 00 00 00 00 00 00 00 00 00 00 00 00 00 00 00 00 00 00 00 20 42 00 00 00 00 00 00 00 00 00 00 00 00 00 00 00 00 00 00 00 00 00 00 00 00 00 00 00 00 00 00 00 00 00 00 00 00 00 00 00 00 00 00 00 00 00 00 00 00 00 00 00 00 00 00 00 00 00 00 00 00 00 00 00 00 00 00 00 00 00 00 00 00 00 00 00 00 00 00 00 00 00 00 00 00 00 00 00 00 00 00 00 00 00 00 00 00 00 00 00 00 00 00 00 00 00 00 00 00 00 00 00 00 00 00 00 00 00 00 00 00 00 00 00 00 00 00 00 00 00 00 00 00 00 00 00 00 00 00 00 00 00 00 00 00 00 00 00 00 00 00 00 00 00 00 00 00 00 00 00 00 00
15:24:15.439 设备发送:68 D0 BA 00 16 00 0D A7 14 00 01 00 26 43 00 00 00 00 00 00 00 00 00 00 00 00 00 00 00 00 00 00 00 00 00 00 00 00 00 00 00 00 00 00 00 00 00 00 00 00 00 00 00 00 00 00 00 00 00 00 00 00 00 00 00 00 00 00 00 00 00 00 00 00 00 00 00 00 00 00 00 00 00 00 00 00 00 00 00 00 00 00 00 00 00 00 00 00 00 00 00 00 00 00 00 00 00 00 00 00 00 00 00 00 00 00 00 00 00 00 00 00 00 00 00 00 00 00 00 00 00 00 00 00 00 00 00 00 00 00 00 00 00 00 00 00 00 00 00 00 00 00 00 00 00 00 00 00 00 00 00 00 00 00 00 00 00 00 00 00 00 00 00 00 00 00 00 04 42 00 00 00 00 00 00 00 00 00 00 00 00 00 00 00 00 00 00 00 00 00 00 00 00 00 00 00 00 00 00 00
15:24:15.518 设备接收:68 04 01 00 BC 00
15:24:15.659 设备发送:68 0E BC 00 16 00 64 01 0A 00 01 00 00 00 00 14
15:24:15.767 设备接收:68 0E 16 00 BE 00 65 01 06 00 01 00 00 00 00 05
15:24:15.830 设备发送:68 0E BE 00 18 00 65 01 07 00 01 00 00 00 00 05
15:24:16.031 设备发送:68 99 C0 00 18 00 CE 9C 25 00 01 00 01 64 00 D7 A3 2E 42 00 5C 11 A5 46 00 B8 5E AC 46 00 C2 41 91 46 00 E1 FA B1 42 00 67 25 E1 46 00 70 3D 78 43 00 33 62 A4 47 00 99 19 AA 43 00 8D 28 D9 47 00 7B D4 23 43 00 40 F5 82 47 00 70 7D 2A 43 00 33 4D BB 47 00 1E 85 1A 43 00 67 0E AD 47 00 00 80 26 43 00 27 56 97 47 00 CD 4C 05 43 00 80 58 A8 47 00 B8 9E 0D 43 00 5A DE C0 47 00 29 1C 06 43 00 E7 EB B1 47 00 E1 7A 51 42 00 9A 09 EE 46 00 47 E1 1C 42 00 33 18 D0 46 00
15:24:16.233 设备发送:68 0E C2 00 18 00 65 01 0A 00 01 00 00 00 00 05
15:24:16.529 设备接收:68 04 01 00 C4 00
15:24:21.482 设备发送:68 12 C4 00 18 00 0D 01 03 00 01 00 41 42 00 00 00 24 44 00
15:24:24.801 设备接收:68 04 01 00 C6 00
15:24:25.486 设备发送:68 12 C6 00 18 00 0D 01 03 00 01 00 40 42 00 00 00 48 42 00
15:24:28.792 设备接收:68 04 01 00 C8 00
15:24:29.402 设备接收:68 0C 18 00 C8 00 CA 00 06 00 01 00 00 00
15:24:29.496 设备发送:68 EF C8 00 1A 00 CA 16 07 00 01 00 00 00 01 01 80 00 04 03 44 33 30 02 80 00 04 05 6C 69 6E 75 78 03 80 00 04 1E E4 B8 9C E6 96 B9 E7 94 B5 E5 AD 90 E8 82 A1 E4 BB BD E6 9C 89 E9 99 90 E5 85 AC E5 8F B8 04 80 00 04 07 48 56 30 31 2E 30 31 05 80 00 04 07 48 56 30 32 2E 30 31 06 80 00 04 07 44 46 2D 61 75 74 6F 07 80 00 04 08 32 30 31 36 2D 31 30 34 08 80 00 04 08 45 39 33 36 31 2D 43 30 09 80 00 04 18 31 31 32 32 33 33 34 34 35 35 36 36 37 37 38 38 39 39 30 30 31 31 32 32 0A 80 00 04 11 38 61 3A 34 36 3A 34 33 3A 34 39 3A 62 32 3A 30 30 0B 80 00 00 00 0C 80 00 00 00 0D 80 00 00 00 0E 80 00 00 00 0F 80 00 00 00 10 80 00 00 00 11 80 00 00 00 12 80 00 00 00 13 80 00 00 00 14 80 00 00 00 15 80 00 00 00 16 80 00 00 00
15:24:29.716 设备发送:68 EE CA 00 1A 00 CA 19 07 00 01 00 00 00 01 20 80 00 26 04 00 00 91 43 21 80 00 26 04 9A 99 19 40 22 80 00 26 04 00 00 00 00 23 80 00 26 04 9A 99 19 40 24 80 00 26 04 9A 99 19 40 25 80 00 26 04 9A 99 19 40 26 80 00 26 04 00 00 00 00 27 80 00 26 04 9A 99 19 40 28 80 00 26 04 9A 99 19 40 29 80 00 26 04 9A 99 19 40 2A 80 00 26 04 00 00 00 00 2B 80 00 26 04 9A 99 19 40 2C 80 00 26 04 9A 99 19 40 2D 80 00 26 04 9A 99 19 40 2E 80 00 26 04 00 00 00 00 2F 80 00 26 04 9A 99 19 40 30 80 00 26 04 9A 99 19 40 31 80 00 26 04 9A 99 19 40 32 80 00 26 04 00 00 00 00 33 80 00 26 04 9A 99 19 40 34 80 00 26 04 9A 99 19 40 35 80 00 26 04 9A 99 19 40 36 80 00 26 04 00 00 00 00 37 80 00 26 04 9A 99 19 40 38 80 00 26 04 9A 99 19 40
15:24:29.918 设备发送:68 EE CC 00 1A 00 CA 19 07 00 01 00 00 00 00 20 82 00 26 04 00 00 00 00 21 82 00 26 04 00 00 00 00 22 82 00 26 04 00 00 00 00 23 82 00 26 04 00 00 00 00 24 82 00 26 04 00 00 00 00 25 82 00 26 04 00 00 00 00 26 82 00 26 04 00 00 00 00 27 82 00 26 04 00 00 00 00 28 82 00 26 04 00 00 00 00 29 82 00 26 04 00 00 00 00 2A 82 00 26 04 00 00 00 00 2B 82 00 26 04 00 00 00 00 2C 82 00 26 04 00 00 00 00 2D 82 00 26 04 00 00 00 00 2E 82 00 26 04 00 00 00 00 2F 82 00 26 04 00 00 00 00 30 82 00 26 04 00 00 00 00 31 82 00 26 04 00 00 00 00 32 82 00 26 04 00 00 00 00 33 82 00 26 04 00 00 00 00 34 82 00 26 04 00 00 00 00 35 82 00 26 04 00 00 00 00 36 82 00 26 04 00 00 00 00 37 82 00 26 04 00 00 00 00 38 82 00 26 04 00 00 00 00
15:24:32.830 设备接收:68 04 01 00 CE 00
15:24:33.545 设备发送:68 2A CE 00 1A 00 0D 04 03 00 01 00 75 42 00 67 E6 68 43 00 78 42 00 70 3D 8C 41 00 7C 42 00 66 66 42 41 00 7F 42 00 47 E1 47 42 00
15:24:37.040 设备接收:68 04 01 00 D0 00
15:24:37.541 设备发送:68 1A D0 00 1A 00 0D 02 03 00 01 00 76 42 00 CD CC 68 43 00 79 42 00 F6 28 8C 41 00
15:24:40.849 设备接收:68 04 01 00 D2 00
15:24:41.471 设备接收:68 0F 1A 00 D2 00 CA 01 06 00 01 00 00 00 57 80 00
15:24:41.565 设备发送:68 16 D2 00 1C 00 CA 01 07 00 01 00 00 00 00 57 80 00 26 04 00 80 8E 43
15:24:41.596 设备发送:68 1A D4 00 1C 00 0D 02 03 00 01 00 77 42 00 9A 99 69 43 00 7A 42 00 C2 F5 8E 41 00
15:24:44.775 设备发送:68 15 D6 00 1C 00 1E 01 03 00 01 00 7D 01 00 01 2E A7 18 0F 0D 01 19
15:24:44.883 设备接收:68 04 01 00 D6 00
15:24:44.976 设备发送:68 0E D8 00 1C 00 01 01 03 00 01 00 7E 01 00 00
15:24:45.192 设备发送:68 15 DA 00 1C 00 1E 01 03 00 01 00 7E 01 00 00 37 A7 18 0F 0D 01 19
15:24:48.106 设备接收:68 04 01 00 DC 00
15:24:50.203 设备发送:68 5A DC 00 1C 00 0D 0A 03 00 01 00 49 42 00 9A 39 3B 44 00 4A 42 00 00 60 3C 44 00 4B 42 00 33 B3 44 44 00 4C 42 00 33 13 43 44 00 4D 42 00 EB D1 9B 42 00 5D 42 00 00 00 20 40 00 5E 42 00 85 EB 31 40 00 5F 42 00 99 99 19 40 00 60 42 00 3D 0A 97 3F 00 61 42 00 67 66 BE 41 00
15:24:53.509 设备接收:68 04 01 00 DE 00
15:24:54.230 设备发送:68 4A DE 00 1C 00 0D 08 03 00 01 00 4E 42 00 CD 6C 42 44 00 4F 42 00 33 D3 40 44 00 50 42 00 67 E6 40 44 00 51 42 00 9A 19 07 43 00 52 42 00 CD 4C 07 43 00 62 42 00 1E 85 1B 40 00 63 42 00 1E 85 1B 40 00 64 42 00 F6 28 9C 3F 00
15:24:57.541 设备接收:68 04 01 00 E0 00
15:25:02.255 设备发送:68 12 E0 00 1C 00 0D 01 03 00 01 00 82 42 00 00 80 18 44 00
15:25:05.591 设备接收:68 04 01 00 E2 00
15:25:06.294 设备发送:68 12 E2 00 1C 00 0D 01 03 00 01 00 81 42 00 00 00 04 42 00
15:25:09.590 设备接收:68 04 01 00 E4 00
15:25:10.319 设备发送:68 1A E4 00 1C 00 0D 02 03 00 01 00 BD 42 00 47 E1 36 41 00 C0 42 00 85 EB 47 42 00
15:25:13.617 设备接收:68 04 01 00 E6 00
15:25:14.315 设备发送:68 1A E6 00 1C 00 0D 02 03 00 01 00 B6 42 00 00 80 68 43 00 B9 42 00 14 AE 85 41 00
15:25:17.606 设备接收:68 04 01 00 E8 00
15:25:18.330 设备发送:68 2A E8 00 1C 00 0D 04 03 00 01 00 B7 42 00 67 E6 68 43 00 B8 42 00 9A 99 69 43 00 BA 42 00 E1 7A 84 41 00 BB 42 00 D7 A3 86 41 00
15:25:21.651 设备接收:68 04 01 00 EA 00
15:25:24.180 设备发送:68 12 EA 00 1C 00 01 02 03 00 01 00 AB 01 00 01 AC 01 00 00
15:25:24.352 设备发送:68 20 EC 00 1C 00 1E 02 03 00 01 00 AB 01 00 01 EF 55 19 0F 0D 01 19 AC 01 00 00 F9 55 19 0F 0D 01 19
15:25:27.497 设备接收:68 04 01 00 EE 00
15:25:29.263 设备接收:68 0F 1C 00 EE 00 CA 01 06 00 01 00 00 00 57 80 00
15:25:29.388 设备发送:68 16 EE 00 1E 00 CA 01 07 00 01 00 00 00 00 57 80 00 26 04 00 80 8E 43
15:25:30.810 设备发送:68 92 F0 00 1E 00 0D 11 03 00 01 00 8A 42 00 CD EC 43 44 00 8B 42 00 9A B9 40 44 00 8C 42 00 33 93 42 44 00 8D 42 00 00 20 41 44 00 8E 42 00 14 2E 9A 42 00 8F 42 00 CD 2C 3E 44 00 90 42 00 33 93 3F 44 00 91 42 00 33 33 FF 42 00 92 42 00 9A 19 01 43 00 93 42 00 33 B3 00 43 00 9E 42 00 70 3D 2A 40 00 9F 42 00 F6 28 1C 40 00 A0 42 00 70 3D 1A 40 00 A1 42 00 47 E1 1A 40 00 A2 42 00 9A 99 D5 41 00 A3 42 00 00 00 20 40 00 A4 42 00 00 00 A0 3F 00
15:25:32.703 设备接收:68 04 01 00 F2 00
15:25:34.796 设备发送:68 12 F2 00 1E 00 0D 01 03 00 01 00 94 42 00 00 00 80 3F 00
15:25:38.101 设备接收:68 04 01 00 F4 00
15:25:42.841 设备发送:68 1A F4 00 1E 00 0D 02 03 00 01 00 C2 42 00 00 00 0C 42 00 C3 42 00 00 40 10 44 00
15:25:46.164 设备接收:68 04 01 00 F6 00
15:25:50.872 设备发送:68 1A F6 00 1E 00 0D 02 03 00 01 00 FE 42 00 52 B8 8E 40 00 01 43 00 47 E1 47 42 00
15:25:54.190 设备接收:68 04 01 00 F8 00
15:25:54.891 设备发送:68 2A F8 00 1E 00 0D 04 03 00 01 00 F7 42 00 00 80 6A 43 00 F8 42 00 00 00 6A 43 00 FA 42 00 29 5C CF 40 00 FB 42 00 70 3D D2 40 00
15:25:58.223 设备接收:68 04 01 00 FA 00
15:25:58.925 设备发送:68 1A FA 00 1E 00 0D 02 03 00 01 00 F9 42 00 33 33 6A 43 00 FC 42 00 CC CC CC 40 00
15:26:02.231 设备接收:68 04 01 00 FC 00
15:26:03.568 设备发送:68 12 FC 00 1E 00 01 02 03 00 01 00 D9 01 00 01 DA 01 00 00
15:26:03.757 设备发送:68 20 FE 00 1E 00 1E 02 03 00 01 00 D9 01 00 01 78 05 1A 0F 0D 01 19 DA 01 00 00 81 05 1A 0F 0D 01 19
15:26:06.859 设备接收:68 04 01 00 00 01
15:26:07.374 设备发送:68 4A 00 01 1E 00 0D 08 03 00 01 00 CB 42 00 9A 59 3F 44 00 CC 42 00 9A 79 35 44 00 CD 42 00 00 20 37 44 00 CE 42 00 33 13 37 44 00 DF 42 00 52 B8 1E 40 00 E0 42 00 0A D7 C3 3F 00 E1 42 00 00 00 A0 3F 00 E2 42 00 29 5C AF 3F 00
15:26:10.649 设备接收:68 04 01 00 02 01
15:26:19.425 设备发送:68 12 02 01 1E 00 0D 01 03 00 01 00 04 43 00 00 00 C4 43 00
15:26:22.711 设备接收:68 04 01 00 04 01
15:26:23.414 设备发送:68 12 04 01 1E 00 0D 01 03 00 01 00 03 43 00 00 00 A8 41 00
15:26:26.733 设备接收:68 04 01 00 06 01
15:26:27.455 设备发送:68 1A 06 01 1E 00 0D 02 03 00 01 00 3F 43 00 52 B8 5E 40 00 42 43 00 47 E1 47 42 00
15:26:30.751 设备接收:68 04 01 00 08 01
15:26:31.454 设备发送:68 1A 08 01 1E 00 0D 02 03 00 01 00 38 43 00 67 66 6A 43 00 3B 43 00 7B 14 A6 40 00
15:26:31.781 设备接收:68 0C 1E 00 0A 01 CA 00 06 00 01 00 00 00
15:26:31.860 设备发送:68 EF 0A 01 20 00 CA 16 07 00 01 00 00 00 01 01 80 00 04 03 44 33 30 02 80 00 04 05 6C 69 6E 75 78 03 80 00 04 1E E4 B8 9C E6 96 B9 E7 94 B5 E5 AD 90 E8 82 A1 E4 BB BD E6 9C 89 E9 99 90 E5 85 AC E5 8F B8 04 80 00 04 07 48 56 30 31 2E 30 31 05 80 00 04 07 48 56 30 32 2E 30 31 06 80 00 04 07 44 46 2D 61 75 74 6F 07 80 00 04 08 32 30 31 36 2D 31 30 34 08 80 00 04 08 45 39 33 36 31 2D 43 30 09 80 00 04 18 31 31 32 32 33 33 34 34 35 35 36 36 37 37 38 38 39 39 30 30 31 31 32 32 0A 80 00 04 11 38 61 3A 34 36 3A 34 33 3A 34 39 3A 62 32 3A 30 30 0B 80 00 00 00 0C 80 00 00 00 0D 80 00 00 00 0E 80 00 00 00 0F 80 00 00 00 10 80 00 00 00 11 80 00 00 00 12 80 00 00 00 13 80 00 00 00 14 80 00 00 00 15 80 00 00 00 16 80 00 00 00
15:26:32.095 设备发送:68 EE 0C 01 20 00 CA 19 07 00 01 00 00 00 01 20 80 00 26 04 00 00 91 43 21 80 00 26 04 9A 99 19 40 22 80 00 26 04 00 00 00 00 23 80 00 26 04 9A 99 19 40 24 80 00 26 04 9A 99 19 40 25 80 00 26 04 9A 99 19 40 26 80 00 26 04 00 00 00 00 27 80 00 26 04 9A 99 19 40 28 80 00 26 04 9A 99 19 40 29 80 00 26 04 9A 99 19 40 2A 80 00 26 04 00 00 00 00 2B 80 00 26 04 9A 99 19 40 2C 80 00 26 04 9A 99 19 40 2D 80 00 26 04 9A 99 19 40 2E 80 00 26 04 00 00 00 00 2F 80 00 26 04 9A 99 19 40 30 80 00 26 04 9A 99 19 40 31 80 00 26 04 9A 99 19 40 32 80 00 26 04 00 00 00 00 33 80 00 26 04 9A 99 19 40 34 80 00 26 04 9A 99 19 40 35 80 00 26 04 9A 99 19 40 36 80 00 26 04 00 00 00 00 37 80 00 26 04 9A 99 19 40 38 80 00 26 04 9A 99 19 40
15:26:32.270 设备发送:68 EE 0E 01 20 00 CA 19 07 00 01 00 00 00 00 20 82 00 26 04 00 00 00 00 21 82 00 26 04 00 00 00 00 22 82 00 26 04 00 00 00 00 23 82 00 26 04 00 00 00 00 24 82 00 26 04 00 00 00 00 25 82 00 26 04 00 00 00 00 26 82 00 26 04 00 00 00 00 27 82 00 26 04 00 00 00 00 28 82 00 26 04 00 00 00 00 29 82 00 26 04 00 00 00 00 2A 82 00 26 04 00 00 00 00 2B 82 00 26 04 00 00 00 00 2C 82 00 26 04 00 00 00 00 2D 82 00 26 04 00 00 00 00 2E 82 00 26 04 00 00 00 00 2F 82 00 26 04 00 00 00 00 30 82 00 26 04 00 00 00 00 31 82 00 26 04 00 00 00 00 32 82 00 26 04 00 00 00 00 33 82 00 26 04 00 00 00 00 34 82 00 26 04 00 00 00 00 35 82 00 26 04 00 00 00 00 36 82 00 26 04 00 00 00 00 37 82 00 26 04 00 00 00 00 38 82 00 26 04 00 00 00 00
15:26:32.389 设备接收:68 04 01 00 10 01
15:26:35.493 设备发送:68 1A 10 01 20 00 0D 02 03 00 01 00 39 43 00 67 E6 69 43 00 3C 43 00 00 00 A8 40 00
15:26:38.833 设备接收:68 04 01 00 12 01
15:26:39.520 设备发送:68 1A 12 01 20 00 0D 02 03 00 01 00 3A 43 00 00 80 6A 43 00 3D 43 00 0A D7 A3 40 00
15:26:42.745 设备发送:68 12 14 01 20 00 01 02 03 00 01 00 07 02 00 01 08 02 00 00
15:26:42.824 设备接收:68 04 01 00 14 01
15:26:42.952 设备发送:68 20 16 01 20 00 1E 02 03 00 01 00 07 02 00 01 7A 9E 1A 0F 0D 01 19 08 02 00 00 83 9E 1A 0F 0D 01 19
15:26:44.857 设备接收:68 0F 20 00 18 01 CA 01 06 00 01 00 00 00 57 80 00
15:26:44.952 设备发送:68 16 18 01 22 00 CA 01 07 00 01 00 00 00 00 57 80 00 26 04 00 80 8E 43
15:26:46.057 设备接收:68 04 01 00 1A 01
15:26:47.945 设备发送:68 3A 1A 01 22 00 0D 06 03 00 01 00 0C 43 00 00 60 36 44 00 0D 43 00 33 D3 3E 44 00 0E 43 00 00 00 31 43 00 0F 43 00 00 80 A8 43 00 20 43 00 14 AE 17 40 00 21 43 00 1E 85 1B 40 00
15:26:51.470 设备接收:68 04 01 00 1C 01
15:26:51.971 设备发送:68 1A 1C 01 22 00 0D 02 03 00 01 00 0B 40 00 B8 1E 01 C2 00 17 40 00 EB 51 20 42 00
15:26:55.290 设备接收:68 04 01 00 1E 01
15:26:56.006 设备发送:68 1A 1E 01 22 00 0D 02 03 00 01 00 07 40 00 CD CC 94 C1 00 27 40 00 EB 51 14 42 00
15:26:59.289 设备接收:68 04 01 00 20 01
15:27:00.007 设备发送:68 12 20 01 22 00 0D 01 03 00 01 00 45 43 00 00 80 C1 43 00
15:27:01.915 设备接收:68 0F 22 00 22 01 CA 01 06 00 01 00 00 00 57 80 00
15:27:02.009 设备发送:68 16 22 01 24 00 CA 01 07 00 01 00 00 00 00 57 80 00 26 04 00 80 8E 43
15:27:03.324 设备接收:68 04 01 00 24 01
15:27:04.032 设备发送:68 1A 24 01 24 00 0D 02 03 00 01 00 37 40 00 B8 1E ED 41 00 44 43 00 00 00 F8 41 00
15:27:07.343 设备接收:68 04 01 00 26 01
15:27:08.046 设备发送:68 12 26 01 24 00 0D 01 03 00 01 00 74 40 00 5C 8F CA 40 00
15:27:11.355 设备接收:68 04 01 00 28 01
15:27:12.074 设备发送:68 12 28 01 24 00 0D 01 03 00 01 00 70 40 00 3D 0A 17 41 00
15:27:15.375 设备接收:68 04 01 00 2A 01
15:27:16.093 设备发送:68 1A 2A 01 24 00 0D 02 03 00 01 00 71 40 00 1F 85 13 41 00 72 40 00 29 5C 1B 41 00
15:27:19.419 设备接收:68 04 01 00 2C 01
15:27:28.130 设备发送:68 22 2C 01 24 00 0D 03 03 00 01 00 43 40 00 67 06 30 44 00 46 40 00 67 C6 40 44 00 57 40 00 C2 F5 B0 40 00
15:27:31.480 设备接收:68 04 01 00 2E 01
15:27:40.197 设备发送:68 12 2E 01 24 00 0D 01 03 00 01 00 79 40 00 00 00 28 42 00
15:27:43.502 设备接收:68 04 01 00 30 01
15:27:48.244 设备发送:68 12 30 01 24 00 0D 01 03 00 01 00 B5 40 00 47 E1 9A 41 00
15:27:51.534 设备接收:68 04 01 00 32 01
15:27:52.239 设备发送:68 1A 32 01 24 00 0D 02 03 00 01 00 B1 40 00 85 EB DD 41 00 B2 40 00 66 66 DE 41 00
15:27:55.535 设备接收:68 04 01 00 34 01
15:27:56.253 设备发送:68 12 34 01 24 00 0D 01 03 00 01 00 B3 40 00 85 EB DF 41 00
15:27:59.559 设备接收:68 04 01 00 36 01
15:28:04.277 设备发送:68 22 36 01 24 00 0D 03 03 00 01 00 82 40 00 CD AC 3A 44 00 83 40 00 33 F3 3A 44 00 9A 40 00 9A 99 7B 42 00
15:28:07.628 设备接收:68 04 01 00 38 01
15:28:08.340 设备发送:68 2A 38 01 24 00 0D 04 03 00 01 00 0D 40 00 1E 85 7B C1 00 87 40 00 00 60 32 44 00 88 40 00 00 E0 37 44 00 9B 40 00 70 3D DA 40 00
15:28:11.601 设备接收:68 04 01 00 3A 01
15:28:20.376 设备发送:68 12 3A 01 24 00 0D 01 03 00 01 00 BA 40 00 00 00 24 42 00
15:28:23.677 设备接收:68 04 01 00 3C 01
15:28:28.388 设备发送:68 1A 3C 01 24 00 0D 02 03 00 01 00 F2 40 00 70 3D 21 42 00 F6 40 00 99 99 E1 41 00
15:28:31.719 设备接收:68 04 01 00 3E 01
15:28:32.408 设备发送:68 12 3E 01 24 00 0D 01 03 00 01 00 F3 40 00 33 33 21 42 00
15:28:35.720 设备接收:68 04 01 00 40 01
15:28:36.443 设备发送:68 12 40 01 24 00 0D 01 03 00 01 00 F4 40 00 3D 0A 22 42 00
15:28:39.727 设备接收:68 04 01 00 42 01
15:28:40.431 设备发送:68 12 42 01 24 00 0D 01 03 00 01 00 17 40 00 00 00 1C 42 00
15:28:43.759 设备接收:68 04 01 00 44 01
15:28:44.480 设备发送:68 22 44 01 24 00 0D 03 03 00 01 00 C3 40 00 67 06 37 44 00 C5 40 00 00 E0 35 44 00 DB 40 00 00 00 A0 42 00
15:28:48.179 设备接收:68 04 01 00 46 01
15:28:48.475 设备发送:68 12 46 01 24 00 0D 01 03 00 01 00 C8 40 00 00 00 14 44 00
15:28:51.766 设备接收:68 04 01 00 48 01
15:29:00.542 设备发送:68 12 48 01 24 00 0D 01 03 00 01 00 FB 40 00 00 00 48 42 00
15:29:03.822 设备接收:68 04 01 00 4A 01
15:29:04.526 设备发送:68 12 4A 01 24 00 0D 01 03 00 01 00 37 41 00 14 AE 47 41 00
15:29:07.835 设备接收:68 04 01 00 4C 01
15:29:08.566 设备发送:68 12 4C 01 24 00 0D 01 03 00 01 00 33 41 00 1F 85 91 41 00
15:29:11.888 设备接收:68 04 01 00 4E 01
15:29:12.588 设备发送:68 1A 4E 01 24 00 0D 02 03 00 01 00 19 40 00 1E 85 4B 41 00 34 41 00 C2 F5 8E 41 00
15:29:15.872 设备接收:68 04 01 00 50 01
15:29:16.591 设备发送:68 1A 50 01 24 00 0D 02 03 00 01 00 27 40 00 00 00 10 42 00 35 41 00 3D 0A 95 41 00
15:29:20.095 设备接收:68 04 01 00 52 01
15:29:24.644 设备发送:68 2A 52 01 24 00 0D 04 03 00 01 00 04 41 00 33 D3 4B 44 00 05 41 00 CD EC 48 44 00 06 41 00 33 F3 4A 44 00 1C 41 00 9A 99 E5 41 00
15:29:27.929 设备接收:68 04 01 00 54 01
15:29:28.660 设备发送:68 22 54 01 24 00 0D 03 03 00 01 00 09 41 00 67 C6 3F 44 00 0A 41 00 33 93 39 44 00 0B 41 00 9A 99 47 44 00
15:29:31.922 设备接收:68 04 01 00 56 01
15:29:32.642 设备发送:68 12 56 01 24 00 0D 01 03 00 01 00 0E 40 00 99 99 79 C1 00

