
12:34:42.304 设备发送:68 12 EE 07 24 49 0D 01 03 00 01 00 3C 41 00 00 00 0C 42 00
12:34:45.609 设备接收:68 04 01 00 F0 07
12:34:56.229 设备接收:68 04 43 00 00 00
12:34:56.245 设备发送:68 04 83 00 00 00
12:35:06.288 设备发送:68 04 83 00 00 00
12:35:06.303 设备接收:68 04 43 00 00 00
12:35:06.383 设备发送:68 1A F0 07 24 49 0D 02 03 00 01 00 46 41 00 67 46 3B 44 00 47 41 00 CD 0C 43 44 00
12:35:09.892 设备接收:68 04 01 00 F2 07
12:35:10.408 设备发送:68 2A F2 07 24 49 0D 04 03 00 01 00 4B 41 00 00 E0 42 44 00 4C 41 00 00 00 2F 44 00 4D 41 00 67 E6 43 44 00 4E 41 00 9A 99 43 44 00
12:35:14.326 设备接收:68 04 01 00 F4 07
12:35:22.474 设备发送:68 12 F4 07 24 49 0D 01 03 00 01 00 7D 41 00 00 00 5C 42 00
12:35:26.011 设备接收:68 04 01 00 F6 07
12:35:36.033 设备发送:68 04 83 00 00 00
12:35:36.049 设备接收:68 04 43 00 00 00
12:35:46.581 设备发送:68 1A F6 07 24 49 0D 02 03 00 01 00 01 40 00 67 66 6A 43 00 88 41 00 9A 39 41 44 00
12:35:46.690 设备发送:68 04 83 00 00 00
12:35:46.706 设备接收:68 04 43 00 00 00
12:35:50.625 设备发送:68 2A F8 07 24 49 0D 04 03 00 01 00 8C 41 00 00 C0 41 44 00 8D 41 00 67 26 41 44 00 8E 41 00 9A 79 3E 44 00 8F 41 00 67 C6 3D 44 00
12:35:51.702 设备接收:68 04 01 00 F8 07
12:35:56.715 设备接收:68 04 01 00 FA 07
12:36:02.670 设备发送:68 12 FA 07 24 49 0D 01 03 00 01 00 BE 41 00 00 00 58 42 00
12:36:05.975 设备接收:68 04 01 00 FC 07
12:36:10.702 设备发送:68 3A FC 07 24 49 0D 06 03 00 01 00 11 40 00 00 00 6A 43 00 12 40 00 67 E6 69 43 00 21 40 00 9A 19 69 43 00 23 40 00 CD CC 6A 43 00 32 40 00 CD CC 69 43 00 F3 41 00 9A 19 6A 43 00
12:36:14.026 设备接收:68 04 01 00 FE 07
12:36:14.729 设备发送:68 12 FE 07 24 49 0D 01 03 00 01 00 02 40 00 33 33 6A 43 00
12:36:18.054 设备接收:68 04 01 00 00 08
12:36:26.785 设备发送:68 52 00 08 24 49 0D 09 03 00 01 00 C7 41 00 00 00 43 44 00 C8 41 00 33 D3 40 44 00 C9 41 00 CD CC 3E 44 00 CA 41 00 9A 59 42 44 00 CC 41 00 67 C6 3F 44 00 CD 41 00 33 B3 41 44 00 CE 41 00 CD AC 36 44 00 CF 41 00 00 00 2A 44 00 D0 41 00 00 20 2A 44 00
12:36:30.300 设备接收:68 04 01 00 02 08

