
13:53:18.114 设备发送:68 12 A2 04 5E 49 0D 01 03 00 01 00 F7 41 00 1E 85 32 42 00
13:53:21.409 设备接收:68 04 01 00 A4 04
13:53:22.123 设备发送:68 12 A4 04 5E 49 0D 01 03 00 01 00 F8 41 00 F5 28 33 42 00
13:53:25.453 设备接收:68 04 01 00 A6 04
13:53:30.152 设备发送:68 12 A6 04 5E 49 0D 01 03 00 01 00 CA 41 00 9A 59 42 44 00
13:53:34.174 设备发送:68 32 A8 04 5E 49 0D 05 03 00 01 00 CC 41 00 CD CC 42 44 00 CD 41 00 00 A0 3F 44 00 CE 41 00 33 93 37 44 00 CF 41 00 CD EC 28 44 00 D0 41 00 CD 0C 2A 44 00
13:53:46.500 设备发送:68 1A AA 04 5E 49 0D 02 03 00 01 00 0B 40 00 47 E1 98 C2 00 FF 41 00 00 00 7C 42 00
13:53:50.992 设备接收:68 04 07 00 00 00
13:53:51.165 设备发送:68 04 0B 00 00 00
13:53:51.258 设备发送:68 0E 00 00 00 00 46 01 04 00 01 00 00 00 00 00
13:53:51.351 设备接收:68 0E 00 00 00 00 64 01 06 00 01 00 00 00 00 14
13:53:51.477 设备发送:68 0E 02 00 02 00 64 01 07 00 01 00 00 00 00 14
13:53:51.645 设备发送:68 8C 04 00 02 00 01 FF 14 00 01 00 01 00 00 01 00 00 00 00 00 01 01 01 00 00 00 01 00 00 00 00 00 00 00 00 00 00 00 00 00 00 00 00 00 00 00 00 00 00 00 00 00 00 00 00 00 00 00 00 00 00 00 00 00 00 00 00 00 00 00 00 00 01 00 00 00 00 00 00 00 00 00 00 00 00 00 00 00 00 00 00 00 00 00 00 00 00 00 00 00 00 00 00 00 00 00 00 00 00 00 00 00 00 00 00 00 00 00 01 00 00 00 00 00 00 00 00 00 00 00 00 00 00 00 00 00 00 00 00 00 00
13:53:51.870 设备发送:68 8C 06 00 02 00 01 FF 14 00 01 00 80 00 00 00 00 00 00 00 00 00 00 00 00 00 00 00 00 00 00 00 00 00 00 00 00 00 01 00 00 00 00 00 00 00 00 00 00 00 00 00 00 00 00 00 00 00 00 00 00 00 00 00 00 00 00 00 00 00 00 00 00 00 00 00 00 00 00 00 00 00 00 00 01 00 00 00 00 00 00 00 00 00 00 00 00 00 00 00 00 00 00 00 00 00 00 00 00 00 00 00 00 00 00 00 00 00 00 00 00 00 00 00 00 00 00 00 00 00 01 00 00 00 00 00 00 00 00 00 00 00
13:53:51.986 设备接收:68 04 01 00 08 00
13:53:52.080 设备发送:68 8C 08 00 02 00 01 FF 14 00 01 00 FF 00 00 00 00 00 00 00 00 00 00 00 00 00 00 00 00 00 00 00 00 00 00 00 00 00 00 00 00 00 00 00 00 00 00 00 00 01 00 00 00 00 00 00 00 00 00 00 00 00 00 00 00 00 00 00 00 00 00 00 00 00 00 00 00 00 00 00 00 00 00 00 00 00 00 00 00 00 00 00 00 00 00 01 00 00 00 00 00 00 00 00 00 00 00 00 00 00 00 00 00 00 00 00 00 00 00 00 00 00 00 00 00 00 00 00 00 00 00 00 00 00 00 00 00 00 00 00 00 01
13:53:52.284 设备发送:68 8C 0A 00 02 00 01 FF 14 00 01 00 7E 01 00 00 00 00 00 00 00 00 00 00 00 00 00 00 00 00 00 00 00 00 00 00 00 00 00 00 00 00 00 00 00 00 00 00 00 00 00 00 00 00 00 00 00 00 00 00 01 00 00 00 00 00 00 00 00 00 00 00 00 00 00 00 00 00 00 00 00 00 00 00 00 00 00 00 00 00 00 00 00 00 00 00 00 00 00 00 00 00 00 00 00 00 01 00 00 00 00 00 00 00 00 00 00 00 00 00 00 00 00 00 00 00 00 00 00 00 00 00 00 00 00 00 00 00 00 00 00 00
13:53:52.499 设备发送:68 42 0C 00 02 00 01 B5 14 00 01 00 FD 01 00 00 00 00 00 00 00 00 00 00 00 01 00 00 00 00 00 00 00 00 00 00 00 00 00 00 00 00 00 00 00 00 00 00 00 00 00 00 00 00 00 00 00 00 00 00 00 00 00 00 00 00 00 00
13:53:52.719 设备发送:68 E4 0E 00 02 00 0D AB 14 00 01 00 01 40 00 00 80 6A 43 00 67 E6 6A 43 00 00 80 6B 43 00 00 00 00 00 00 00 00 00 00 00 CD CC 7C 41 00 00 00 34 C2 00 00 00 00 00 00 E1 7A B4 C1 00 5C 8F B2 C1 00 29 5C 99 C2 00 00 00 00 00 00 7B 14 1A C2 00 99 99 19 C2 00 25 06 01 BF 00 00 00 48 42 00 9A 19 6A 43 00 9A 99 6A 43 00 9A 99 6A 43 00 00 00 00 00 00 33 33 33 41 00 9A 99 31 41 00 33 33 BB 42 00 5C 8F FA 41 00 D7 A3 F8 41 00 99 99 F9 41 00 3D 0A 57 BF 00 EB 51 B8 BE 00 8F C2 F5 BE 00 8F C2 F5 BD 00 00 00 80 3F 00 3D 0A 48 42 00 67 66 69 43 00 67 66 6A 43 00 67 66 6B 43 00 00 00 00 00 00 CD CC 24 41 00 CD CC 24 41 00 5C 8F AC 42 00 A4 70 E5 41 00 66 66 E6 41 00 A4 70 E5 41 00 8F C2 F5 BE 00
13:53:52.795 设备接收:68 04 01 00 10 00
13:53:52.895 设备发送:68 E4 10 00 02 00 0D AB 14 00 01 00 2C 40 00 8F C2 75 BE 00 EB 51 B8 BE 00 8F C2 F5 BD 00 00 00 80 3F 00 00 00 48 42 00 9A 99 68 43 00 67 E6 69 43 00 67 66 6A 43 00 00 00 00 00 00 33 33 03 41 00 CD CC 04 41 00 E1 7A 8A 42 00 66 66 B6 41 00 AE 47 B9 41 00 70 3D BA 41 00 EB 51 B8 BF 00 8F C2 F5 BE 00 8F C2 75 BE 00 8F C2 F5 BE 00 00 00 80 3F 00 3D 0A 48 42 00 9A 99 B2 42 00 CD CC B2 42 00 CD 2C 27 44 00 9A 99 B1 42 00 AE 47 0D 41 00 9A 99 3C 44 00 9A 99 AE 42 00 67 66 B0 42 00 67 66 B0 42 00 33 33 B0 42 00 CD CC CC 3D 00 CD CC CC 3D 00 00 00 00 00 00 00 00 00 00 00 00 00 00 00 00 00 00 00 00 00 00 00 00 00 00 00 00 00 00 00 00 00 00 00 00 00 00 00 00 00 00 00 00 00 00 00 00 00 00 00
13:53:53.092 设备发送:68 DA 12 00 02 00 0D A9 14 00 01 00 57 40 00 CD CC 92 41 00 8F C2 F5 3C 00 CD CC CC 3D 00 70 3D 0E 41 00 00 00 00 00 00 00 00 00 00 00 00 00 00 00 00 00 00 00 00 00 00 00 00 00 00 00 00 00 00 00 00 00 00 00 00 00 00 00 00 00 00 00 00 00 00 00 00 00 00 00 00 00 00 00 00 00 00 00 00 00 00 00 00 00 00 00 00 00 00 00 00 00 00 00 00 00 00 00 00 00 00 00 00 00 00 00 00 00 00 00 33 B3 69 43 00 9A 19 6A 43 00 00 00 6B 43 00 B8 1E CD 41 00 C2 F5 CC 41 00 CC CC CE 41 00 00 00 00 00 00 33 33 8F 41 00 CC CC CC 3D 00 00 00 00 00 00 F5 28 48 42 00 00 00 00 00 00 00 00 34 42 00 00 00 3D 44 00 00 00 DC 42 00 00 00 00 00 00 00 00 00 00 00 00 00 00 00 00 00 00 00 00 00
13:53:53.307 设备发送:68 E4 14 00 02 00 0D AB 14 00 01 00 80 40 00 00 00 00 00 00 00 00 00 00 00 33 93 39 44 00 9A B9 39 44 00 00 00 DC 42 00 33 33 DC 42 00 33 B3 93 42 00 67 66 39 44 00 33 13 3A 44 00 CD CC DB 42 00 33 33 DC 42 00 33 33 DB 42 00 00 00 00 00 00 00 00 00 00 00 00 00 00 00 00 00 00 00 00 00 00 00 00 00 00 00 00 00 00 00 00 00 00 00 00 00 00 00 00 00 00 00 00 00 00 00 00 00 00 00 47 E1 8A 41 00 1F 85 0F 41 00 00 00 00 00 00 8F C2 75 3D 00 9A 99 2C 43 00 EB 51 8C 41 00 CD CC 0C 41 00 00 00 00 00 00 00 00 00 00 00 00 00 00 00 00 00 00 00 00 00 0A D7 23 3D 00 00 00 00 00 00 00 00 00 00 00 00 00 00 00 00 00 00 00 00 00 00 00 00 00 00 00 00 00 00 00 00 00 00 00 00 00 00 00 00 00 00 00 00 00 00
13:53:53.511 设备发送:68 E4 16 00 02 00 0D AB 14 00 01 00 AB 40 00 00 00 00 00 00 00 00 00 00 00 00 00 00 00 00 9A 19 6B 43 00 33 B3 6A 43 00 CD 4C 6C 43 00 47 E1 8E 42 00 AE C7 8E 42 00 F6 A8 8E 42 00 00 00 00 00 00 D7 A3 49 42 00 99 99 99 3E 00 00 00 00 00 00 3D 0A 48 42 00 00 00 00 00 00 00 00 14 42 00 00 80 3A 44 00 00 00 DC 42 00 00 00 00 00 00 00 00 00 00 00 00 00 00 00 00 00 00 00 00 00 00 00 00 00 00 00 00 00 00 00 67 E6 31 44 00 67 86 31 44 00 00 20 32 44 00 33 73 31 44 00 00 00 8E 42 00 00 60 10 44 00 67 66 DB 42 00 9A 99 DC 42 00 33 33 DA 42 00 33 33 DC 42 00 67 66 A6 3F 00 9A 99 19 3F 00 00 00 00 00 00 00 00 00 00 00 00 00 00 00 00 00 00 00 00 00 00 00 00 00 00 00 00 00 00 00 00 00 00 00 00
13:53:53.634 设备接收:68 04 01 00 18 00
13:53:53.729 设备发送:68 DA 18 00 02 00 0D A9 14 00 01 00 D6 40 00 00 00 00 00 00 66 66 8C 41 00 3D 0A 8D 41 00 14 AE 8B 41 00 3D 0A 8D 41 00 9A 19 31 43 00 52 B8 12 41 00 00 00 00 00 00 0A D7 23 3C 00 0A D7 23 3C 00 00 00 00 00 00 00 00 00 00 00 0A D7 A3 3C 00 00 00 00 00 00 00 00 00 00 00 00 00 00 00 00 00 00 00 00 00 00 00 00 00 00 00 00 00 00 00 00 00 00 00 00 00 00 00 00 00 00 00 00 00 00 00 00 00 00 00 00 00 00 00 00 00 00 00 00 00 33 B3 6C 43 00 33 33 6C 43 00 33 33 6E 43 00 33 33 B9 42 00 85 EB B8 42 00 47 E1 B8 42 00 00 00 00 00 00 5C 8F 83 42 00 29 5C 0F BF 00 00 00 00 00 00 7B 14 48 42 00 00 00 00 00 00 00 00 34 42 00 00 40 3A 44 00 00 00 DC 42 00 00 00 00 00 00
13:53:53.949 设备发送:68 E4 1A 00 02 00 0D AB 14 00 01 00 FF 40 00 00 00 00 00 00 00 00 00 00 00 00 00 00 00 00 00 00 00 00 00 00 00 00 00 00 33 13 51 44 00 33 33 50 44 00 CD 0C 4A 44 00 00 E0 40 44 00 F6 A8 9D 42 00 67 C6 42 44 00 00 00 42 44 00 CD 8C 46 44 00 33 B3 0B 43 00 00 80 0C 43 00 00 00 00 00 00 00 00 00 3F 00 00 00 00 00 00 00 00 00 00 00 00 00 00 00 00 00 00 00 00 00 00 00 00 00 00 00 00 00 00 00 00 00 00 00 00 00 00 00 00 00 99 99 D9 40 00 CC CC 6C 40 00 33 33 63 40 00 85 EB C9 40 00 67 66 88 42 00 E1 7A E4 40 00 85 EB 61 40 00 47 E1 6A 40 00 00 00 00 00 00 AE 47 E1 3D 00 00 00 00 00 00 0A D7 A3 3C 00 00 00 00 00 00 00 00 00 00 00 00 00 00 00 00 00 00 00 00 00 00 00 00 00 00 00 00 00 00 00
13:53:54.128 设备发送:68 E4 1C 00 02 00 0D AB 14 00 01 00 2A 41 00 00 00 00 00 00 00 00 00 00 00 00 00 00 00 00 00 00 00 00 00 00 00 00 00 00 00 00 00 00 00 67 E6 69 43 00 33 33 6B 43 00 CD CC 6B 43 00 52 B8 32 42 00 E1 7A 31 42 00 0A D7 32 42 00 00 00 00 00 00 70 3D FA 41 00 0A D7 A3 BE 00 00 00 00 00 00 00 00 48 42 00 00 00 00 00 00 00 00 2C 42 00 00 00 0B 44 00 00 00 DC 42 00 00 00 00 00 00 00 00 00 00 00 00 00 00 00 00 00 00 00 00 00 00 00 00 00 00 00 00 00 00 00 9A 79 45 44 00 9A 39 40 44 00 67 06 45 44 00 33 93 41 44 00 85 6B 9A 42 00 67 26 43 44 00 00 00 44 44 00 CD EC 28 44 00 00 00 45 44 00 00 C0 44 44 00 00 00 00 00 00 00 00 00 00 00 00 00 00 00 00 00 00 00 00 00 00 00 00 00 00 00 00 00 00 00
13:53:54.339 设备发送:68 DA 1E 00 02 00 0D A9 14 00 01 00 55 41 00 00 00 00 00 00 00 00 00 00 00 00 00 00 00 00 00 00 00 00 00 7B 14 D6 40 00 B8 1E D5 40 00 00 00 50 40 00 14 AE DF 40 00 9A 99 09 42 00 85 EB 61 40 00 8F C2 55 40 00 1E 85 6B 40 00 99 99 59 40 00 A4 70 5D 40 00 00 00 00 00 00 0A D7 A3 3C 00 00 00 00 00 00 00 00 00 00 00 00 00 00 00 00 00 00 00 00 00 00 00 00 00 00 00 00 00 00 00 00 00 00 00 00 00 00 00 00 00 00 00 00 00 00 00 00 00 00 00 00 00 00 00 00 00 00 00 00 00 33 B3 6A 43 00 33 33 6A 43 00 9A 19 6C 43 00 5C 8F 37 42 00 1E 85 37 42 00 85 EB 37 42 00 00 00 00 00 00 EB 51 01 42 00 EB 51 38 3E 00 00 00 00 00 00 F5 28 48 42 00 00 00 00 00 00 00 00 86 42 00
13:53:54.461 设备接收:68 04 01 00 20 00
13:53:54.554 设备发送:68 E4 20 00 02 00 0D AB 14 00 01 00 7E 41 00 00 80 CC 43 00 00 00 DC 42 00 00 00 00 00 00 00 00 00 00 00 00 00 00 00 00 00 00 00 00 00 00 00 00 00 00 00 00 00 00 00 9A 99 41 44 00 CD 0C 43 44 00 33 33 3F 44 00 9A 19 43 44 00 66 66 9B 42 00 33 33 40 44 00 33 B3 44 44 00 00 20 42 44 00 67 66 34 44 00 CD CC 3F 44 00 00 00 00 00 00 00 00 00 00 00 00 00 00 00 00 00 00 00 00 00 00 00 00 00 00 00 00 00 00 00 00 00 00 00 00 00 00 00 00 00 00 00 00 00 00 00 00 00 00 00 D7 A3 D8 40 00 EB 51 C0 40 00 B8 1E 55 40 00 8F C2 55 40 00 CD CC 06 42 00 B8 1E 55 40 00 7B 14 5E 40 00 C2 F5 68 40 00 A4 70 4D 40 00 AE 47 51 40 00 00 00 00 00 00 29 5C 8F 3D 00 00 00 00 00 00 00 00 00 00 00 00 00 00 00 00
13:53:54.765 设备发送:68 E4 22 00 02 00 0D AB 14 00 01 00 A9 41 00 00 00 00 00 00 00 00 00 00 00 00 00 00 00 00 00 00 00 00 00 00 00 00 00 00 00 00 00 00 00 00 00 00 00 00 00 00 00 00 00 00 00 00 00 00 00 00 6A 43 00 9A 19 6B 43 00 33 B3 6B 43 00 AE 47 25 42 00 29 5C 25 42 00 29 5C 25 42 00 00 00 00 00 00 00 00 E8 41 00 7B 14 2E BF 00 00 00 00 00 00 B8 1E 48 42 00 00 00 00 00 00 00 00 80 42 00 00 80 E5 43 00 00 00 DC 42 00 00 00 00 00 00 00 00 00 00 00 00 00 00 00 00 00 00 00 00 00 00 00 00 00 00 00 00 00 00 00 00 00 45 44 00 33 D3 42 44 00 CD CC 40 44 00 9A 59 42 44 00 85 EB 9B 42 00 CD CC 42 44 00 00 A0 3F 44 00 33 93 37 44 00 CD EC 28 44 00 CD 0C 2A 44 00 00 00 00 00 00 00 00 00 00 00 00 00 00 00 00
13:53:54.982 设备发送:68 DA 24 00 02 00 0D A9 14 00 01 00 D4 41 00 00 00 00 00 00 00 00 00 00 00 00 00 00 00 00 00 00 00 00 00 00 00 00 00 00 00 00 00 00 00 00 00 00 00 00 D7 A3 D8 40 00 F5 28 5C 40 00 7B 14 5E 40 00 47 E1 5A 40 00 00 00 04 42 00 7B 14 5E 40 00 E1 7A 64 40 00 85 EB D9 40 00 B8 1E A5 40 00 7B 14 9E 40 00 00 00 00 00 00 8F C2 75 3D 00 00 00 00 00 00 00 00 00 00 00 00 00 00 00 00 00 00 00 00 00 00 00 00 00 00 00 00 00 00 00 00 00 00 00 00 00 00 00 00 00 00 00 00 00 00 00 00 00 00 00 00 00 00 00 00 00 00 00 00 00 33 33 6A 43 00 9A 99 6A 43 00 33 33 6B 43 00 B8 1E 33 42 00 1E 85 32 42 00 F5 28 33 42 00 00 00 00 00 00 E1 7A FA 41 00 00 00 40 BF 00 00 00 00 00 00
13:53:55.195 设备发送:68 E4 26 00 02 00 0D AB 14 00 01 00 FD 41 00 7B 14 48 42 00 00 00 00 00 00 00 00 7C 42 00 00 00 F5 43 00 00 00 DC 42 00 00 00 00 00 00 00 00 00 00 00 00 00 00 00 00 00 00 00 00 00 00 00 00 00 00 00 00 00 00 00 CD EC 53 44 00 CD 4C 52 44 00 9A 99 4F 44 00 CD 4C 01 43 00 CD 4C 9E 42 00 9A F9 47 44 00 CD 8C 49 44 00 00 80 00 43 00 00 80 00 43 00 67 66 00 43 00 00 00 00 00 00 CD CC CC 3D 00 00 00 00 00 00 00 00 00 00 00 00 00 00 00 00 00 00 00 00 00 00 00 00 00 00 00 00 00 00 00 00 00 00 00 00 00 00 00 00 00 33 33 BB 40 00 85 EB B1 40 00 0A D7 AB 40 00 00 00 00 00 00 33 33 67 42 00 3D 0A AF 40 00 99 99 A9 40 00 00 00 00 00 00 00 00 00 00 00 00 00 00 00 00 00 00 00 00 00 0A D7 A3 3C 00
13:53:55.271 设备接收:68 04 01 00 28 00
13:53:55.396 设备发送:68 E4 28 00 02 00 0D AB 14 00 01 00 28 42 00 00 00 00 00 00 00 00 00 00 00 00 00 00 00 00 00 00 00 00 00 00 00 00 00 00 00 00 00 00 00 00 00 00 00 00 00 00 00 00 00 00 00 00 00 00 00 00 00 00 00 00 00 00 00 00 00 00 00 00 00 CD CC 69 43 00 00 80 6A 43 00 CD 4C 6B 43 00 AE 47 0E 42 00 99 99 13 42 00 66 66 14 42 00 00 00 00 00 00 3D 0A C7 41 00 CC CC 4C BE 00 00 00 00 00 00 3D 0A 48 42 00 00 00 00 00 00 00 00 08 42 00 00 40 2A 44 00 00 00 DC 42 00 00 00 00 00 00 00 00 00 00 00 00 00 00 00 00 00 00 00 00 00 00 00 00 00 00 00 00 00 00 00 CD CC 42 44 00 9A 39 44 44 00 00 20 47 44 00 67 26 46 44 00 EB D1 9F 42 00 00 40 47 44 00 CD CC 48 44 00 33 33 44 44 00 67 E6 0A 43 00 9A 19 0B 43 00
13:53:55.622 设备发送:68 DA 2A 00 02 00 0D A9 14 00 01 00 53 42 00 33 33 33 3F 00 CD CC CC 3E 00 00 00 00 00 00 00 00 00 00 00 00 00 00 00 00 00 00 00 00 00 00 00 00 00 00 00 00 00 00 00 00 00 00 00 00 00 00 00 00 00 29 5C B7 40 00 85 EB C1 40 00 00 00 B0 40 00 52 B8 2E 40 00 9A 99 57 42 00 8F C2 AD 40 00 CD CC AC 40 00 00 00 30 40 00 CC CC 4C 3D 00 0A D7 23 3D 00 00 00 00 00 00 0A D7 A3 3C 00 00 00 00 00 00 00 00 00 00 00 00 00 00 00 00 00 00 00 00 00 00 00 00 00 00 00 00 00 00 00 00 00 00 00 00 00 00 00 00 00 00 00 00 00 00 00 00 00 00 00 00 00 00 00 00 00 00 00 00 00 00 80 6A 43 00 67 E6 69 43 00 67 E6 6B 43 00 D7 A3 25 42 00 1E 85 25 42 00 A4 70 26 42 00 00 00 00 00 00
13:53:55.835 设备发送:68 E4 2C 00 02 00 0D AB 14 00 01 00 7C 42 00 52 B8 E8 41 00 00 00 80 BE 00 00 00 00 00 00 F5 28 48 42 00 00 00 00 00 00 00 00 0C 42 00 00 00 0E 44 00 00 00 DC 42 00 00 00 00 00 00 00 00 00 00 00 00 00 00 00 00 00 00 00 00 00 00 00 00 00 00 00 00 00 00 00 67 E6 44 44 00 67 C6 46 44 00 33 93 47 44 00 9A B9 45 44 00 29 5C 9F 42 00 CD 0C 46 44 00 67 26 46 44 00 33 B3 02 43 00 CD 4C 04 43 00 00 00 04 43 00 00 00 80 3F 00 67 66 66 3F 00 00 00 00 00 00 00 00 00 00 00 00 00 00 00 00 00 00 00 00 00 00 00 00 00 00 00 00 00 00 00 00 00 00 00 00 00 00 00 00 00 1E 85 BB 40 00 00 00 B8 40 00 52 B8 AE 40 00 33 33 B3 40 00 00 00 6A 42 00 14 AE AF 40 00 47 E1 3A 40 00 0A D7 A3 3C 00 00 00 00 00 00
13:53:56.015 设备发送:68 E4 2E 00 02 00 0D AB 14 00 01 00 A7 42 00 00 00 00 00 00 00 00 00 00 00 0A D7 A3 3C 00 00 00 00 00 00 00 00 00 00 00 00 00 00 00 00 00 00 00 00 00 00 00 00 00 00 00 00 00 00 00 00 00 00 00 00 00 00 00 00 00 00 00 00 00 00 00 00 00 00 00 00 00 00 00 00 00 00 00 00 00 33 33 6A 43 00 CD CC 6A 43 00 67 66 6B 43 00 66 66 1C 42 00 CD CC 1B 42 00 C2 F5 1C 42 00 00 00 00 00 00 66 66 DA 41 00 AE 47 21 BF 00 00 00 00 00 00 85 EB 47 42 00 00 00 00 00 00 00 00 50 42 00 00 40 3B 44 00 00 00 DC 42 00 00 00 00 00 00 00 00 00 00 00 00 00 00 00 00 00 00 00 00 00 00 00 00 00 00 00 00 00 00 00 67 A6 41 44 00 33 D3 3B 44 00 9A B9 3C 44 00 CD CC 36 44 00 00 00 00 00 00 00 00 00 00 00 00 00 00 00 00
13:53:56.115 设备接收:68 04 01 00 30 00
13:53:56.225 设备发送:68 DA 30 00 02 00 0D A9 14 00 01 00 D2 42 00 00 00 00 00 00 00 00 00 00 00 00 00 00 00 00 00 00 00 00 00 00 00 00 00 00 00 00 00 00 00 00 00 00 00 00 00 00 00 00 00 00 00 00 00 00 00 00 00 00 00 00 00 00 00 00 00 00 00 00 00 00 00 00 00 00 AE 47 B1 40 00 52 B8 5E 40 00 7B 14 2E 40 00 B8 1E 45 40 00 00 00 00 00 00 00 00 00 00 00 00 00 00 00 00 00 00 00 00 00 00 00 00 00 00 00 00 00 00 00 00 00 00 00 00 00 00 00 00 00 00 00 00 00 00 00 00 00 00 00 00 00 00 00 00 00 00 00 00 00 00 00 00 00 00 00 00 00 00 00 00 00 00 00 00 00 00 00 00 00 00 00 00 00 00 00 00 00 00 00 00 00 00 00 00 00 00 00 00 00 67 66 6C 43 00 67 E6 6B 43 00 33 33 6C 43 00 47 E1 6E 41 00
13:53:56.429 设备发送:68 E4 32 00 02 00 0D AB 14 00 01 00 FB 42 00 D7 A3 70 41 00 7B 14 6E 41 00 00 00 00 00 00 8F C2 29 41 00 70 3D 0A BF 00 00 00 00 00 00 B8 1E 48 42 00 00 00 00 00 00 00 00 A0 41 00 00 00 EC 43 00 00 00 20 42 00 00 00 00 00 00 00 00 00 00 00 00 00 00 00 00 00 00 00 00 00 00 00 00 00 00 00 00 00 00 00 CD 6C 39 44 00 CD 0C 44 44 00 9A 99 45 43 00 33 33 AD 43 00 00 00 00 00 00 00 00 00 00 00 00 00 00 00 00 00 00 00 00 00 00 00 00 00 00 00 00 00 00 00 00 00 00 00 00 00 00 00 00 00 00 00 00 00 00 00 00 00 00 00 00 00 00 00 00 00 00 00 00 00 00 00 00 00 00 00 00 00 00 00 00 00 00 00 00 00 00 00 00 00 70 3D B2 40 00 5C 8F B2 40 00 00 00 00 00 00 00 00 00 00 00 00 00 00 00 00 00 00 00 00 00
13:53:56.649 设备发送:68 D0 34 00 02 00 0D A7 14 00 01 00 26 43 00 00 00 00 00 00 00 00 00 00 00 00 00 00 00 00 00 00 00 00 00 00 00 00 00 00 00 00 00 00 00 00 00 00 00 00 00 00 00 00 00 00 00 00 00 00 00 00 00 00 00 00 00 00 00 00 00 00 00 00 00 00 00 00 00 00 00 00 00 00 00 00 00 00 00 00 00 00 00 00 00 00 00 00 00 00 00 00 00 00 00 33 33 6C 43 00 CD CC 6B 43 00 CD 4C 6C 43 00 3D 0A 3B 41 00 F5 28 3C 41 00 47 E1 3A 41 00 00 00 00 00 00 00 00 04 41 00 EB 51 B8 BE 00 00 00 00 00 00 3D 0A 48 42 00 00 00 00 00 00 00 00 18 42 00 00 00 EF 43 00 00 00 04 42 00 00 00 00 00 00 00 00 00 00 00 00 00 00 00 00 00 00 00 00 00 00 00 00 00 00 00 00 00 00 00
13:53:56.854 设备发送:68 0E 36 00 02 00 64 01 0A 00 01 00 00 00 00 14
13:53:56.929 设备接收:68 0E 02 00 38 00 65 01 06 00 01 00 00 00 00 05
13:53:57.053 设备发送:68 0E 38 00 04 00 65 01 07 00 01 00 00 00 00 05
13:53:57.131 设备接收:68 04 01 00 38 00
13:53:57.231 设备发送:68 99 3A 00 04 00 CE 9C 25 00 01 00 01 64 00 C2 F5 2B 42 00 AE F7 A3 46 00 3D 58 AB 46 00 4D 6E 90 46 00 29 5C 19 42 00 67 DF DE 46 00 8F 82 09 43 00 0D CB A2 47 00 70 1D 8D 43 00 9A F2 D6 47 00 0A 17 11 43 00 B3 E0 81 47 00 85 AB 15 43 00 73 2D BA 47 00 F6 E8 07 43 00 4D 0A AC 47 00 0A D7 12 43 00 40 3E 96 47 00 85 6B E4 42 00 F3 74 A7 47 00 8F 82 01 43 00 4D E1 BF 47 00 70 BD F3 42 00 E7 FC B0 47 00 70 3D 3D 42 00 33 96 EC 46 00 0A D7 14 42 00 33 F7 CE 46 00
13:53:57.428 设备发送:68 0E 3C 00 04 00 65 01 0A 00 01 00 00 00 00 05
13:53:57.574 设备接收:68 14 04 00 3E 00 67 01 06 00 01 00 00 00 00 9C DF 35 0D AA 01 19
13:53:57.804 设备发送:68 14 3E 00 06 00 67 01 07 00 01 00 00 00 00 9C DF 35 0D AA 01 19
13:53:57.897 设备接收:68 04 01 00 40 00
13:53:59.009 设备发送:68 12 40 00 06 00 0D 01 03 00 01 00 39 42 00 3D 0A 10 42 00
13:54:02.340 设备接收:68 04 01 00 42 00
13:54:03.943 设备接收:68 0C 06 00 42 00 C9 01 06 00 00 00 00 00
13:54:06.251 设备发送:68 04 01 00 08 00
13:54:11.061 设备发送:68 32 42 00 08 00 0D 05 03 00 01 00 07 40 00 A4 70 35 C2 00 08 42 00 67 E6 52 44 00 09 42 00 00 00 53 44 00 0E 42 00 67 86 46 44 00 20 42 00 67 66 5E 42 00
13:54:14.367 设备接收:68 04 01 00 44 00
13:54:19.108 设备发送:68 12 44 00 08 00 0D 01 03 00 01 00 07 40 00 B8 1E 31 C2 00
13:54:22.394 设备接收:68 04 01 00 46 00
13:54:23.138 设备发送:68 12 46 00 08 00 0D 01 03 00 01 00 40 42 00 00 00 44 42 00
13:54:26.632 设备接收:68 04 01 00 48 00
13:54:35.172 设备发送:68 1A 48 00 08 00 0D 02 03 00 01 00 78 42 00 E1 7A 20 42 00 79 42 00 EB 51 20 42 00
13:54:38.486 设备接收:68 04 01 00 4A 00
13:54:39.172 设备发送:68 12 4A 00 08 00 0D 01 03 00 01 00 7A 42 00 1E 85 21 42 00
13:54:42.542 设备接收:68 04 01 00 4C 00
13:54:47.199 设备发送:68 2A 4C 00 08 00 0D 04 03 00 01 00 49 42 00 67 C6 43 44 00 4B 42 00 67 26 48 44 00 4C 42 00 CD 2C 48 44 00 61 42 00 CD CC 50 42 00
13:54:50.526 设备接收:68 04 01 00 4E 00
13:54:51.241 设备发送:68 22 4E 00 08 00 0D 03 03 00 01 00 4E 42 00 67 46 46 44 00 4F 42 00 33 D3 47 44 00 50 42 00 33 53 46 44 00
13:55:03.412 设备发送:68 12 50 00 08 00 0D 01 03 00 01 00 81 42 00 00 00 44 42 00
13:55:07.736 设备接收:68 04 07 00 00 00
13:55:07.908 设备发送:68 04 0B 00 00 00
13:55:08.004 设备发送:68 0E 00 00 00 00 46 01 04 00 01 00 00 00 00 00
13:55:08.095 设备接收:68 0E 00 00 00 00 64 01 06 00 01 00 00 00 00 14
13:55:08.206 设备发送:68 0E 02 00 02 00 64 01 07 00 01 00 00 00 00 14
13:55:08.425 设备发送:68 8C 04 00 02 00 01 FF 14 00 01 00 01 00 00 01 00 00 00 00 00 01 01 01 00 00 00 01 00 00 00 00 00 00 00 00 00 00 00 00 00 00 00 00 00 00 00 00 00 00 00 00 00 00 00 00 00 00 00 00 00 00 00 00 00 00 00 00 00 00 00 00 00 01 00 00 00 00 00 00 00 00 00 00 00 00 00 00 00 00 00 00 00 00 00 00 00 00 00 00 00 00 00 00 00 00 00 00 00 00 00 00 00 00 00 00 00 00 00 01 00 00 00 00 00 00 00 00 00 00 00 00 00 00 00 00 00 00 00 00 00 00
13:55:08.627 设备发送:68 8C 06 00 02 00 01 FF 14 00 01 00 80 00 00 00 00 00 00 00 00 00 00 00 00 00 00 00 00 00 00 00 00 00 00 00 00 00 01 00 00 00 00 00 00 00 00 00 00 00 00 00 00 00 00 00 00 00 00 00 00 00 00 00 00 00 00 00 00 00 00 00 00 00 00 00 00 00 00 00 00 00 00 00 01 00 00 00 00 00 00 00 00 00 00 00 00 00 00 00 00 00 00 00 00 00 00 00 00 00 00 00 00 00 00 00 00 00 00 00 00 00 00 00 00 00 00 00 00 00 01 00 00 00 00 00 00 00 00 00 00 00
13:55:08.704 设备接收:68 04 01 00 08 00
13:55:08.845 设备发送:68 8C 08 00 02 00 01 FF 14 00 01 00 FF 00 00 00 00 00 00 00 00 00 00 00 00 00 00 00 00 00 00 00 00 00 00 00 00 00 00 00 00 00 00 00 00 00 00 00 00 01 00 00 00 00 00 00 00 00 00 00 00 00 00 00 00 00 00 00 00 00 00 00 00 00 00 00 00 00 00 00 00 00 00 00 00 00 00 00 00 00 00 00 00 00 00 01 00 00 00 00 00 00 00 00 00 00 00 00 00 00 00 00 00 00 00 00 00 00 00 00 00 00 00 00 00 00 00 00 00 00 00 00 00 00 00 00 00 00 00 00 00 01
13:55:09.018 设备发送:68 8C 0A 00 02 00 01 FF 14 00 01 00 7E 01 00 00 00 00 00 00 00 00 00 00 00 00 00 00 00 00 00 00 00 00 00 00 00 00 00 00 00 00 00 00 00 00 00 00 00 00 00 00 00 00 00 00 00 00 00 00 01 00 00 00 00 00 00 00 00 00 00 00 00 00 00 00 00 00 00 00 00 00 00 00 00 00 00 00 00 00 00 00 00 00 00 00 00 00 00 00 00 00 00 00 00 00 01 00 00 00 00 00 00 00 00 00 00 00 00 00 00 00 00 00 00 00 00 00 00 00 00 00 00 00 00 00 00 00 00 00 00 00
13:55:09.219 设备发送:68 42 0C 00 02 00 01 B5 14 00 01 00 FD 01 00 00 00 00 00 00 00 00 00 00 00 01 00 00 00 00 00 00 00 00 00 00 00 00 00 00 00 00 00 00 00 00 00 00 00 00 00 00 00 00 00 00 00 00 00 00 00 00 00 00 00 00 00 00
13:55:09.439 设备发送:68 E4 0E 00 02 00 0D AB 14 00 01 00 01 40 00 9A 99 6A 43 00 9A 99 6A 43 00 33 33 6B 43 00 00 00 00 00 00 CD CC CC 3D 00 CD CC 7C 41 00 99 99 31 C2 00 8F C2 F5 BD 00 5C 8F B2 C1 00 E1 7A B4 C1 00 EB 51 9A C2 00 00 00 00 00 00 B8 1E 19 C2 00 5C 8F 1A C2 00 EE 7C FF BE 00 3D 0A 48 42 00 33 33 6A 43 00 00 80 6A 43 00 CD 4C 6A 43 00 00 00 00 00 00 00 00 30 41 00 9A 99 31 41 00 33 33 BB 42 00 14 AE F7 41 00 99 99 F9 41 00 99 99 F9 41 00 70 3D 8A BF 00 8F C2 F5 BD 00 EB 51 B8 BE 00 EB 51 B8 BE 00 00 00 80 3F 00 3D 0A 48 42 00 33 B3 69 43 00 67 66 6A 43 00 00 00 6B 43 00 00 00 00 00 00 33 33 23 41 00 CD CC 24 41 00 EB 51 AC 42 00 1E 85 E3 41 00 A4 70 E5 41 00 29 5C E7 41 00 8F C2 F5 BE 00
13:55:09.562 设备接收:68 04 01 00 10 00
13:55:09.657 设备发送:68 E4 10 00 02 00 0D AB 14 00 01 00 2C 40 00 EB 51 B8 BE 00 8F C2 F5 BD 00 8F C2 75 BE 00 00 00 80 3F 00 3D 0A 48 42 00 00 80 68 43 00 CD 4C 6A 43 00 33 B3 6A 43 00 00 00 00 00 00 CD CC 04 41 00 33 33 03 41 00 8F C2 89 42 00 29 5C B7 41 00 29 5C B7 41 00 EB 51 B8 41 00 99 99 99 BF 00 99 99 19 BF 00 8F C2 F5 BE 00 8F C2 75 BE 00 EE 7C 7F 3F 00 3D 0A 48 42 00 9A 99 B2 42 00 CD CC B2 42 00 CD 2C 27 44 00 9A 99 B1 42 00 AE 47 0D 41 00 9A 99 3C 44 00 9A 99 AE 42 00 67 66 B0 42 00 67 66 B0 42 00 33 33 B0 42 00 CD CC CC 3D 00 CD CC CC 3D 00 00 00 00 00 00 00 00 00 00 00 00 00 00 00 00 00 00 00 00 00 00 00 00 00 00 00 00 00 00 00 00 00 00 00 00 00 00 00 00 00 00 00 00 00 00 00 00 00 00 00
13:55:09.876 设备发送:68 DA 12 00 02 00 0D A9 14 00 01 00 57 40 00 CD CC 92 41 00 8F C2 F5 3C 00 CD CC CC 3D 00 70 3D 0E 41 00 00 00 00 00 00 00 00 00 00 00 00 00 00 00 00 00 00 00 00 00 00 00 00 00 00 00 00 00 00 00 00 00 00 00 00 00 00 00 00 00 00 00 00 00 00 00 00 00 00 00 00 00 00 00 00 00 00 00 00 00 00 00 00 00 00 00 00 00 00 00 00 00 00 00 00 00 00 00 00 00 00 00 00 00 00 00 00 00 00 00 33 B3 69 43 00 9A 19 6A 43 00 00 00 6B 43 00 B8 1E CD 41 00 C2 F5 CC 41 00 CC CC CE 41 00 00 00 00 00 00 33 33 8F 41 00 CC CC CC 3D 00 00 00 00 00 00 F5 28 48 42 00 00 00 00 00 00 00 00 34 42 00 00 00 3D 44 00 00 00 DC 42 00 00 00 00 00 00 00 00 00 00 00 00 00 00 00 00 00 00 00 00 00
13:55:10.094 设备发送:68 E4 14 00 02 00 0D AB 14 00 01 00 80 40 00 00 00 00 00 00 00 00 00 00 00 33 93 39 44 00 9A B9 39 44 00 00 00 DC 42 00 33 33 DC 42 00 33 B3 93 42 00 67 66 39 44 00 33 13 3A 44 00 CD CC DB 42 00 33 33 DC 42 00 33 33 DB 42 00 00 00 00 00 00 00 00 00 00 00 00 00 00 00 00 00 00 00 00 00 00 00 00 00 00 00 00 00 00 00 00 00 00 00 00 00 00 00 00 00 00 00 00 00 00 00 00 00 00 00 47 E1 8A 41 00 1F 85 0F 41 00 00 00 00 00 00 8F C2 75 3D 00 9A 99 2C 43 00 EB 51 8C 41 00 CD CC 0C 41 00 00 00 00 00 00 00 00 00 00 00 00 00 00 00 00 00 00 00 00 00 0A D7 23 3D 00 00 00 00 00 00 00 00 00 00 00 00 00 00 00 00 00 00 00 00 00 00 00 00 00 00 00 00 00 00 00 00 00 00 00 00 00 00 00 00 00 00 00 00 00 00
13:55:10.304 设备发送:68 E4 16 00 02 00 0D AB 14 00 01 00 AB 40 00 00 00 00 00 00 00 00 00 00 00 00 00 00 00 00 9A 19 6B 43 00 33 B3 6A 43 00 CD 4C 6C 43 00 47 E1 8E 42 00 AE C7 8E 42 00 F6 A8 8E 42 00 00 00 00 00 00 D7 A3 49 42 00 99 99 99 3E 00 00 00 00 00 00 3D 0A 48 42 00 00 00 00 00 00 00 00 14 42 00 00 80 3A 44 00 00 00 DC 42 00 00 00 00 00 00 00 00 00 00 00 00 00 00 00 00 00 00 00 00 00 00 00 00 00 00 00 00 00 00 00 67 E6 31 44 00 67 86 31 44 00 00 20 32 44 00 33 73 31 44 00 00 00 8E 42 00 00 60 10 44 00 67 66 DB 42 00 9A 99 DC 42 00 33 33 DA 42 00 33 33 DC 42 00 67 66 A6 3F 00 9A 99 19 3F 00 00 00 00 00 00 00 00 00 00 00 00 00 00 00 00 00 00 00 00 00 00 00 00 00 00 00 00 00 00 00 00 00 00 00 00
13:55:10.374 设备接收:68 04 01 00 18 00
13:55:10.499 设备发送:68 DA 18 00 02 00 0D A9 14 00 01 00 D6 40 00 00 00 00 00 00 66 66 8C 41 00 3D 0A 8D 41 00 14 AE 8B 41 00 3D 0A 8D 41 00 9A 19 31 43 00 52 B8 12 41 00 00 00 00 00 00 0A D7 23 3C 00 0A D7 23 3C 00 00 00 00 00 00 00 00 00 00 00 0A D7 A3 3C 00 00 00 00 00 00 00 00 00 00 00 00 00 00 00 00 00 00 00 00 00 00 00 00 00 00 00 00 00 00 00 00 00 00 00 00 00 00 00 00 00 00 00 00 00 00 00 00 00 00 00 00 00 00 00 00 00 00 00 00 00 33 B3 6C 43 00 33 33 6C 43 00 33 33 6E 43 00 33 33 B9 42 00 85 EB B8 42 00 47 E1 B8 42 00 00 00 00 00 00 5C 8F 83 42 00 29 5C 0F BF 00 00 00 00 00 00 7B 14 48 42 00 00 00 00 00 00 00 00 34 42 00 00 40 3A 44 00 00 00 DC 42 00 00 00 00 00 00
13:55:10.702 设备发送:68 E4 1A 00 02 00 0D AB 14 00 01 00 FF 40 00 00 00 00 00 00 00 00 00 00 00 00 00 00 00 00 00 00 00 00 00 00 00 00 00 00 33 13 51 44 00 33 33 50 44 00 CD 0C 4A 44 00 00 E0 40 44 00 F6 A8 9D 42 00 67 C6 42 44 00 00 00 42 44 00 CD 8C 46 44 00 33 B3 0B 43 00 00 80 0C 43 00 00 00 00 00 00 00 00 00 3F 00 00 00 00 00 00 00 00 00 00 00 00 00 00 00 00 00 00 00 00 00 00 00 00 00 00 00 00 00 00 00 00 00 00 00 00 00 00 00 00 00 99 99 D9 40 00 CC CC 6C 40 00 33 33 63 40 00 85 EB C9 40 00 67 66 88 42 00 E1 7A E4 40 00 85 EB 61 40 00 47 E1 6A 40 00 00 00 00 00 00 AE 47 E1 3D 00 00 00 00 00 00 0A D7 A3 3C 00 00 00 00 00 00 00 00 00 00 00 00 00 00 00 00 00 00 00 00 00 00 00 00 00 00 00 00 00 00 00
13:55:10.906 设备发送:68 E4 1C 00 02 00 0D AB 14 00 01 00 2A 41 00 00 00 00 00 00 00 00 00 00 00 00 00 00 00 00 00 00 00 00 00 00 00 00 00 00 00 00 00 00 00 67 E6 69 43 00 33 33 6B 43 00 CD CC 6B 43 00 52 B8 32 42 00 E1 7A 31 42 00 0A D7 32 42 00 00 00 00 00 00 70 3D FA 41 00 0A D7 A3 BE 00 00 00 00 00 00 00 00 48 42 00 00 00 00 00 00 00 00 2C 42 00 00 00 0B 44 00 00 00 DC 42 00 00 00 00 00 00 00 00 00 00 00 00 00 00 00 00 00 00 00 00 00 00 00 00 00 00 00 00 00 00 00 9A 79 45 44 00 9A 39 40 44 00 67 06 45 44 00 33 93 41 44 00 85 6B 9A 42 00 67 26 43 44 00 00 00 44 44 00 CD EC 28 44 00 00 00 45 44 00 00 C0 44 44 00 00 00 00 00 00 00 00 00 00 00 00 00 00 00 00 00 00 00 00 00 00 00 00 00 00 00 00 00 00 00
13:55:11.125 设备发送:68 DA 1E 00 02 00 0D A9 14 00 01 00 55 41 00 00 00 00 00 00 00 00 00 00 00 00 00 00 00 00 00 00 00 00 00 7B 14 D6 40 00 B8 1E D5 40 00 00 00 50 40 00 14 AE DF 40 00 9A 99 09 42 00 85 EB 61 40 00 8F C2 55 40 00 1E 85 6B 40 00 99 99 59 40 00 A4 70 5D 40 00 00 00 00 00 00 0A D7 A3 3C 00 00 00 00 00 00 00 00 00 00 00 00 00 00 00 00 00 00 00 00 00 00 00 00 00 00 00 00 00 00 00 00 00 00 00 00 00 00 00 00 00 00 00 00 00 00 00 00 00 00 00 00 00 00 00 00 00 00 00 00 00 33 B3 6A 43 00 33 33 6A 43 00 9A 19 6C 43 00 5C 8F 37 42 00 1E 85 37 42 00 85 EB 37 42 00 00 00 00 00 00 EB 51 01 42 00 EB 51 38 3E 00 00 00 00 00 00 F5 28 48 42 00 00 00 00 00 00 00 00 86 42 00
13:55:11.201 设备接收:68 04 01 00 20 00
13:55:11.342 设备发送:68 E4 20 00 02 00 0D AB 14 00 01 00 7E 41 00 00 80 CC 43 00 00 00 DC 42 00 00 00 00 00 00 00 00 00 00 00 00 00 00 00 00 00 00 00 00 00 00 00 00 00 00 00 00 00 00 00 9A 99 41 44 00 CD 0C 43 44 00 33 33 3F 44 00 9A 19 43 44 00 66 66 9B 42 00 33 33 40 44 00 33 B3 44 44 00 00 20 42 44 00 67 66 34 44 00 CD CC 3F 44 00 00 00 00 00 00 00 00 00 00 00 00 00 00 00 00 00 00 00 00 00 00 00 00 00 00 00 00 00 00 00 00 00 00 00 00 00 00 00 00 00 00 00 00 00 00 00 00 00 00 00 D7 A3 D8 40 00 EB 51 C0 40 00 B8 1E 55 40 00 8F C2 55 40 00 CD CC 06 42 00 B8 1E 55 40 00 7B 14 5E 40 00 C2 F5 68 40 00 A4 70 4D 40 00 AE 47 51 40 00 00 00 00 00 00 29 5C 8F 3D 00 00 00 00 00 00 00 00 00 00 00 00 00 00 00 00
13:55:11.514 设备发送:68 E4 22 00 02 00 0D AB 14 00 01 00 A9 41 00 00 00 00 00 00 00 00 00 00 00 00 00 00 00 00 00 00 00 00 00 00 00 00 00 00 00 00 00 00 00 00 00 00 00 00 00 00 00 00 00 00 00 00 00 00 00 00 6A 43 00 9A 19 6B 43 00 33 B3 6B 43 00 AE 47 25 42 00 29 5C 25 42 00 29 5C 25 42 00 00 00 00 00 00 00 00 E8 41 00 7B 14 2E BF 00 00 00 00 00 00 B8 1E 48 42 00 00 00 00 00 00 00 00 80 42 00 00 80 E5 43 00 00 00 DC 42 00 00 00 00 00 00 00 00 00 00 00 00 00 00 00 00 00 00 00 00 00 00 00 00 00 00 00 00 00 00 00 00 00 45 44 00 33 D3 42 44 00 CD CC 40 44 00 9A 59 42 44 00 85 EB 9B 42 00 CD CC 42 44 00 00 A0 3F 44 00 33 93 37 44 00 CD EC 28 44 00 CD 0C 2A 44 00 00 00 00 00 00 00 00 00 00 00 00 00 00 00 00
13:55:11.732 设备发送:68 DA 24 00 02 00 0D A9 14 00 01 00 D4 41 00 00 00 00 00 00 00 00 00 00 00 00 00 00 00 00 00 00 00 00 00 00 00 00 00 00 00 00 00 00 00 00 00 00 00 00 D7 A3 D8 40 00 F5 28 5C 40 00 7B 14 5E 40 00 47 E1 5A 40 00 00 00 04 42 00 7B 14 5E 40 00 E1 7A 64 40 00 85 EB D9 40 00 B8 1E A5 40 00 7B 14 9E 40 00 00 00 00 00 00 8F C2 75 3D 00 00 00 00 00 00 00 00 00 00 00 00 00 00 00 00 00 00 00 00 00 00 00 00 00 00 00 00 00 00 00 00 00 00 00 00 00 00 00 00 00 00 00 00 00 00 00 00 00 00 00 00 00 00 00 00 00 00 00 00 00 33 33 6A 43 00 9A 99 6A 43 00 33 33 6B 43 00 B8 1E 33 42 00 1E 85 32 42 00 F5 28 33 42 00 00 00 00 00 00 E1 7A FA 41 00 00 00 40 BF 00 00 00 00 00 00
13:55:11.981 设备发送:68 E4 26 00 02 00 0D AB 14 00 01 00 FD 41 00 7B 14 48 42 00 00 00 00 00 00 00 00 7C 42 00 00 00 F5 43 00 00 00 DC 42 00 00 00 00 00 00 00 00 00 00 00 00 00 00 00 00 00 00 00 00 00 00 00 00 00 00 00 00 00 00 00 67 E6 52 44 00 00 00 53 44 00 67 A6 4F 44 00 00 00 01 43 00 A4 F0 9F 42 00 9A F9 47 44 00 67 86 46 44 00 33 33 00 43 00 9A 19 00 43 00 00 80 00 43 00 00 00 00 00 00 CD CC CC 3D 00 00 00 00 00 00 00 00 00 00 00 00 00 00 00 00 00 00 00 00 00 00 00 00 00 00 00 00 00 00 00 00 00 00 00 00 00 00 00 00 00 52 B8 B6 40 00 CD CC AC 40 00 52 B8 A6 40 00 00 00 00 00 00 67 66 5E 42 00 99 99 A9 40 00 3D 0A A7 40 00 00 00 00 00 00 00 00 00 00 00 00 00 00 00 00 00 00 00 00 00 0A D7 A3 3C 00
13:55:12.074 设备接收:68 04 01 00 28 00
13:55:12.171 设备发送:68 E4 28 00 02 00 0D AB 14 00 01 00 28 42 00 00 00 00 00 00 00 00 00 00 00 00 00 00 00 00 00 00 00 00 00 00 00 00 00 00 00 00 00 00 00 00 00 00 00 00 00 00 00 00 00 00 00 00 00 00 00 00 00 00 00 00 00 00 00 00 00 00 00 00 00 CD CC 69 43 00 CD 4C 6A 43 00 00 00 6B 43 00 AE 47 0E 42 00 47 E1 0E 42 00 3D 0A 10 42 00 00 00 00 00 00 3D 0A C7 41 00 CC CC 4C BE 00 00 00 00 00 00 3D 0A 48 42 00 00 00 00 00 00 00 00 44 42 00 00 40 2A 44 00 00 00 DC 42 00 00 00 00 00 00 00 00 00 00 00 00 00 00 00 00 00 00 00 00 00 00 00 00 00 00 00 00 00 00 00 67 C6 43 44 00 9A 39 44 44 00 67 26 48 44 00 CD 2C 48 44 00 8F C2 9F 42 00 67 46 46 44 00 33 D3 47 44 00 33 53 46 44 00 33 B3 0A 43 00 00 00 0B 43 00
13:55:12.373 设备发送:68 DA 2A 00 02 00 0D A9 14 00 01 00 53 42 00 CD CC 4C 3F 00 CD CC CC 3E 00 00 00 00 00 00 00 00 00 00 00 00 00 00 00 00 00 00 00 00 00 00 00 00 00 00 00 00 00 00 00 00 00 00 00 00 00 00 00 00 00 EB 51 B0 40 00 E1 7A BC 40 00 85 EB A9 40 00 EB 51 28 40 00 CD CC 50 42 00 C2 F5 A8 40 00 EB 51 A8 40 00 EB 51 28 40 00 8F C2 75 3D 00 0A D7 A3 3C 00 00 00 00 00 00 0A D7 A3 3C 00 00 00 00 00 00 00 00 00 00 00 00 00 00 00 00 00 00 00 00 00 00 00 00 00 00 00 00 00 00 00 00 00 00 00 00 00 00 00 00 00 00 00 00 00 00 00 00 00 00 00 00 00 00 00 00 00 00 00 00 00 67 66 6A 43 00 33 B3 69 43 00 33 B3 6B 43 00 E1 7A 20 42 00 EB 51 20 42 00 1E 85 21 42 00 00 00 00 00 00
13:55:12.575 设备发送:68 E4 2C 00 02 00 0D AB 14 00 01 00 7C 42 00 29 5C E1 41 00 66 66 26 BF 00 00 00 00 00 00 B8 1E 48 42 00 00 00 00 00 00 00 00 44 42 00 00 00 0E 44 00 00 00 DC 42 00 00 00 00 00 00 00 00 00 00 00 00 00 00 00 00 00 00 00 00 00 00 00 00 00 00 00 00 00 00 00 67 E6 44 44 00 67 C6 46 44 00 33 93 47 44 00 9A B9 45 44 00 29 5C 9F 42 00 CD 0C 46 44 00 67 26 46 44 00 33 B3 02 43 00 CD 4C 04 43 00 00 00 04 43 00 00 00 80 3F 00 67 66 66 3F 00 00 00 00 00 00 00 00 00 00 00 00 00 00 00 00 00 00 00 00 00 00 00 00 00 00 00 00 00 00 00 00 00 00 00 00 00 00 00 00 00 1E 85 BB 40 00 00 00 B8 40 00 52 B8 AE 40 00 33 33 B3 40 00 00 00 6A 42 00 14 AE AF 40 00 47 E1 3A 40 00 0A D7 A3 3C 00 00 00 00 00 00
13:55:12.798 设备发送:68 E4 2E 00 02 00 0D AB 14 00 01 00 A7 42 00 00 00 00 00 00 00 00 00 00 00 0A D7 A3 3C 00 00 00 00 00 00 00 00 00 00 00 00 00 00 00 00 00 00 00 00 00 00 00 00 00 00 00 00 00 00 00 00 00 00 00 00 00 00 00 00 00 00 00 00 00 00 00 00 00 00 00 00 00 00 00 00 00 00 00 00 00 67 E6 69 43 00 CD CC 6A 43 00 67 66 6B 43 00 66 66 17 42 00 CD CC 1B 42 00 C2 F5 1C 42 00 00 00 00 00 00 D7 A3 D4 41 00 7B 14 2E 3E 00 00 00 00 00 00 3D 0A 48 42 00 00 00 00 00 00 00 00 50 42 00 00 40 3B 44 00 00 00 DC 42 00 00 00 00 00 00 00 00 00 00 00 00 00 00 00 00 00 00 00 00 00 00 00 00 00 00 00 00 00 00 00 67 A6 41 44 00 33 D3 3B 44 00 9A B9 3C 44 00 CD CC 36 44 00 00 00 00 00 00 00 00 00 00 00 00 00 00 00 00
13:55:12.871 设备接收:68 04 01 00 30 00
13:55:12.996 设备发送:68 DA 30 00 02 00 0D A9 14 00 01 00 D2 42 00 00 00 00 00 00 00 00 00 00 00 00 00 00 00 00 00 00 00 00 00 00 00 00 00 00 00 00 00 00 00 00 00 00 00 00 00 00 00 00 00 00 00 00 00 00 00 00 00 00 00 00 00 00 00 00 00 00 00 00 00 00 00 00 00 00 AE 47 B1 40 00 52 B8 5E 40 00 7B 14 2E 40 00 B8 1E 45 40 00 00 00 00 00 00 00 00 00 00 00 00 00 00 00 00 00 00 00 00 00 00 00 00 00 00 00 00 00 00 00 00 00 00 00 00 00 00 00 00 00 00 00 00 00 00 00 00 00 00 00 00 00 00 00 00 00 00 00 00 00 00 00 00 00 00 00 00 00 00 00 00 00 00 00 00 00 00 00 00 00 00 00 00 00 00 00 00 00 00 00 00 00 00 00 00 00 00 00 00 00 67 66 6C 43 00 67 E6 6B 43 00 33 33 6C 43 00 47 E1 6E 41 00
13:55:13.214 设备发送:68 E4 32 00 02 00 0D AB 14 00 01 00 FB 42 00 D7 A3 70 41 00 7B 14 6E 41 00 00 00 00 00 00 8F C2 29 41 00 70 3D 0A BF 00 00 00 00 00 00 B8 1E 48 42 00 00 00 00 00 00 00 00 A0 41 00 00 00 EC 43 00 00 00 20 42 00 00 00 00 00 00 00 00 00 00 00 00 00 00 00 00 00 00 00 00 00 00 00 00 00 00 00 00 00 00 00 CD 6C 39 44 00 CD 0C 44 44 00 9A 99 45 43 00 33 33 AD 43 00 00 00 00 00 00 00 00 00 00 00 00 00 00 00 00 00 00 00 00 00 00 00 00 00 00 00 00 00 00 00 00 00 00 00 00 00 00 00 00 00 00 00 00 00 00 00 00 00 00 00 00 00 00 00 00 00 00 00 00 00 00 00 00 00 00 00 00 00 00 00 00 00 00 00 00 00 00 00 00 00 70 3D B2 40 00 5C 8F B2 40 00 00 00 00 00 00 00 00 00 00 00 00 00 00 00 00 00 00 00 00 00
13:55:13.391 设备发送:68 D0 34 00 02 00 0D A7 14 00 01 00 26 43 00 00 00 00 00 00 00 00 00 00 00 00 00 00 00 00 00 00 00 00 00 00 00 00 00 00 00 00 00 00 00 00 00 00 00 00 00 00 00 00 00 00 00 00 00 00 00 00 00 00 00 00 00 00 00 00 00 00 00 00 00 00 00 00 00 00 00 00 00 00 00 00 00 00 00 00 00 00 00 00 00 00 00 00 00 00 00 00 00 00 00 33 33 6C 43 00 CD CC 6B 43 00 CD 4C 6C 43 00 3D 0A 3B 41 00 F5 28 3C 41 00 47 E1 3A 41 00 00 00 00 00 00 00 00 04 41 00 EB 51 B8 BE 00 00 00 00 00 00 3D 0A 48 42 00 00 00 00 00 00 00 00 18 42 00 00 00 EF 43 00 00 00 04 42 00 00 00 00 00 00 00 00 00 00 00 00 00 00 00 00 00 00 00 00 00 00 00 00 00 00 00 00 00 00 00
13:55:13.606 设备发送:68 0E 36 00 02 00 64 01 0A 00 01 00 00 00 00 14
13:55:13.716 设备接收:68 0E 02 00 38 00 65 01 06 00 01 00 00 00 00 05 68 04 01 00 38 00
13:55:13.808 设备发送:68 0E 38 00 04 00 65 01 07 00 01 00 00 00 00 05
13:55:14.011 设备发送:68 99 3A 00 04 00 CE 9C 25 00 01 00 01 64 00 C2 F5 2B 42 00 05 F8 A3 46 00 8A 58 AB 46 00 8F 6E 90 46 00 29 5C 19 42 00 67 DF DE 46 00 8F 82 09 43 00 0D CB A2 47 00 70 1D 8D 43 00 9A F2 D6 47 00 0A 17 11 43 00 B3 E0 81 47 00 85 AB 15 43 00 73 2D BA 47 00 F6 E8 07 43 00 4D 0A AC 47 00 0A D7 12 43 00 40 3E 96 47 00 3D 0A EB 42 00 9A 76 A7 47 00 8F 42 05 43 00 27 E3 BF 47 00 70 BD F3 42 00 E7 FC B0 47 00 70 3D 3D 42 00 33 96 EC 46 00 0A D7 14 42 00 33 F7 CE 46 00
13:55:14.218 设备发送:68 0E 3C 00 04 00 65 01 0A 00 01 00 00 00 00 05
13:55:14.309 设备接收:68 14 04 00 3E 00 67 01 06 00 01 00 00 00 00 B1 36 37 0D AA 01 19
13:55:14.604 设备发送:68 14 3E 00 06 00 67 01 07 00 01 00 00 00 00 B1 36 37 0D AA 01 19
13:55:14.683 设备接收:68 04 01 00 40 00
13:55:16.028 设备发送:68 12 40 00 06 00 0D 01 03 00 01 00 BA 42 00 1E 85 17 42 00
13:55:19.487 设备接收:68 04 01 00 42 00
13:55:20.019 设备发送:68 12 42 00 06 00 0D 01 03 00 01 00 BB 42 00 E1 7A 18 42 00
13:55:23.315 设备接收:68 04 01 00 44 00
13:55:24.515 设备接收:68 0C 06 00 44 00 C9 01 06 00 01 00 00 00
13:55:24.610 设备发送:68 18 44 00 08 00 C9 01 07 00 01 00 00 00 00 00 00 00 00 01 00 00 00 00 00 00
13:55:28.050 设备发送:68 2A 46 00 08 00 0D 04 03 00 01 00 8A 42 00 67 E6 43 44 00 8B 42 00 CD CC 48 44 00 8D 42 00 00 C0 46 44 00 A2 42 00 33 33 65 42 00
13:55:28.345 设备接收:68 04 01 00 46 00
13:55:31.340 设备接收:68 04 01 00 48 00
13:55:32.040 设备发送:68 12 48 00 08 00 0D 01 03 00 01 00 90 42 00 9A 39 44 44 00
13:55:35.348 设备接收:68 04 01 00 4A 00
13:55:44.088 设备发送:68 12 4A 00 08 00 0D 01 03 00 01 00 C2 42 00 00 00 18 42 00
13:55:47.389 设备接收:68 04 01 00 4C 00
13:55:57.853 设备接收:68 04 43 00 00 00
13:55:57.871 设备发送:68 04 83 00 00 00
13:56:01.646 设备接收:68 0C 08 00 4C 00 CA 00 06 00 01 00 00 00
13:56:01.959 设备发送:68 0C 4C 00 0A 00 CA 00 07 00 01 00 00 00

