13:57:26.941 设备发送:68 04 01 00 0E 00
13:57:35.638 设备接收:68 04 43 00 00 00
13:57:47.699 设备接收:68 04 43 00 00 00
13:57:55.716 设备接收:68 04 43 00 00 00
13:58:05.764 设备接收:68 04 43 00 00 00
13:58:07.146 设备接收:68 0E 0E 00 4E 00 CA 01 06 00 01 00 00 00 02 80
13:58:09.449 设备发送:68 04 01 00 10 00
13:58:18.951 设备接收:68 04 43 00 00 00
13:58:27.797 设备接收:68 04 43 00 00 00
13:58:38.185 设备接收:68 04 43 00 00 00
13:58:48.432 设备接收:68 04 43 00 00 00
13:58:59.478 设备接收:68 04 43 00 00 00
13:59:09.530 设备接收:68 04 07 00 00 00
13:59:09.748 设备发送:68 04 0B 00 00 00
13:59:09.859 设备发送:68 0E 00 00 00 00 46 01 04 00 01 00 00 00 00 00 68 32 02 00 00 00 01 0A 03 00 01 00 01 00 00 01 07 00 00 01 08 00 00 01 09 00 00 01 0D 00 00 01 0E 00 00 00 3B 00 00 01 3C 00 00 00 69 00 00 01 6A 00 00 00
13:59:09.938 设备接收:68 0E 10 00 4E 00 64 01 06 00 01 00 00 00 00 14
13:59:09.965 设备发送:68 04 01 00 12 00
13:59:10.060 设备发送:68 78 04 00 12 00 1E 0A 03 00 01 00 01 00 00 01 71 23 39 0D 0A 01 19 07 00 00 01 8B 23 39 0D 0A 01 19 08 00 00 01 98 23 39 0D 0A 01 19 09 00 00 01 21 26 39 0D 0A 01 19 0D 00 00 01 A0 5A 39 0D 0A 01 19 0E 00 00 00 AA 5A 39 0D 0A 01 19 3B 00 00 01 50 09 3A 0D 0A 01 19 3C 00 00 00 5A 09 3A 0D 0A 01 19 69 00 00 01 2A A3 3A 0D 0A 01 19 6A 00 00 00 33 A3 3A 0D 0A 01 19
13:59:10.264 设备发送:68 0E 06 00 12 00 64 01 07 00 01 00 00 00 00 14
13:59:10.467 设备发送:68 8C 08 00 12 00 01 FF 14 00 01 00 01 00 00 01 00 00 00 00 00 01 01 01 00 00 00 01 00 00 00 00 00 00 00 00 00 00 00 00 00 00 00 00 00 00 00 00 00 00 00 00 00 00 00 00 00 00 00 00 00 00 00 00 00 00 00 00 00 00 00 00 00 01 00 00 00 00 00 00 00 00 00 00 00 00 00 00 00 00 00 00 00 00 00 00 00 00 00 00 00 00 00 00 00 00 00 00 00 00 00 00 00 00 00 00 00 00 00 01 00 00 00 00 00 00 00 00 00 00 00 00 00 00 00 00 00 00 00 00 00 00
13:59:10.559 设备接收:68 04 01 00 08 00
13:59:10.685 设备发送:68 8C 0A 00 12 00 01 FF 14 00 01 00 80 00 00 00 00 00 00 00 00 00 00 00 00 00 00 00 00 00 00 00 00 00 00 00 00 00 00 01 00 00 00 00 00 00 00 00 00 00 00 00 00 00 00 00 00 00 00 00 00 00 00 00 00 00 00 00 00 00 00 00 00 00 00 00 00 00 00 00 00 00 00 00 00 01 00 00 00 00 00 00 00 00 00 00 00 00 00 00 00 00 00 00 00 00 00 00 00 00 00 00 00 00 00 00 00 00 00 00 00 00 00 00 00 00 00 00 00 00 00 01 00 00 00 00 00 00 00 00 00 00
13:59:10.856 设备发送:68 8C 0C 00 12 00 01 FF 14 00 01 00 FF 00 00 00 00 00 00 00 00 00 00 00 00 00 00 00 00 00 00 00 00 00 00 00 00 00 00 00 00 00 00 00 00 00 00 00 00 00 01 00 00 00 00 00 00 00 00 00 00 00 00 00 00 00 00 00 00 00 00 00 00 00 00 00 00 00 00 00 00 00 00 00 00 00 00 00 00 00 00 00 00 00 00 00 01 00 00 00 00 00 00 00 00 00 00 00 00 00 00 00 00 00 00 00 00 00 00 00 00 00 00 00 00 00 00 00 00 00 00 00 00 00 00 00 00 00 00 00 00 00
13:59:11.073 设备发送:68 8C 0E 00 12 00 01 FF 14 00 01 00 7E 01 00 01 00 00 00 00 00 00 00 00 00 00 00 00 00 00 00 00 00 00 00 00 00 00 00 00 00 00 00 00 00 00 00 00 00 00 00 00 00 00 00 00 00 00 00 00 00 01 00 00 00 00 00 00 00 00 00 00 00 00 00 00 00 00 00 00 00 00 00 00 00 00 00 00 00 00 00 00 00 00 00 00 00 00 00 00 00 00 00 00 00 00 00 01 00 00 00 00 00 00 00 00 00 00 00 00 00 00 00 00 00 00 00 00 00 00 00 00 00 00 00 00 00 00 00 00 00 00
13:59:11.275 设备发送:68 42 10 00 12 00 01 B5 14 00 01 00 FD 01 00 00 00 00 00 00 00 00 00 00 00 00 01 00 00 00 00 00 00 00 00 00 00 00 00 00 00 00 00 00 00 00 00 00 00 00 00 00 00 00 00 00 00 00 00 00 00 00 00 00 00 00 00 00
13:59:11.403 设备接收:68 04 01 00 10 00
13:59:11.480 设备发送:68 E4 12 00 12 00 0D AB 14 00 01 00 01 40 00 CD CC 6A 43 00 00 00 6B 43 00 67 66 6B 43 00 00 00 00 00 00 00 00 00 00 00 33 33 7B 41 00 D7 A3 30 C2 00 8F C2 F5 BD 00 5C 8F B2 C1 00 5C 8F B2 C1 00 B8 1E 99 C2 00 00 00 00 00 00 F6 28 18 C2 00 B8 1E 19 C2 00 EE 7C FF BE 00 85 EB 47 42 00 67 66 6A 43 00 33 B3 6A 43 00 67 66 6A 43 00 00 00 00 00 00 00 00 30 41 00 00 00 30 41 00 8F C2 B9 42 00 8F C2 F5 41 00 14 AE F7 41 00 52 B8 F6 41 00 3D 0A 57 BF 00 8F C2 F5 BD 00 EB 51 B8 BE 00 EB 51 B8 BE 00 00 00 80 3F 00 85 EB 47 42 00 9A 99 69 43 00 67 66 6A 43 00 00 00 6B 43 00 00 00 00 00 00 9A 99 21 41 00 33 33 23 41 00 D7 A3 AA 42 00 D7 A3 E0 41 00 1E 85 E3 41 00 E1 7A E4 41 00 8F C2 F5 BE 00
13:59:11.696 设备发送:68 E4 14 00 12 00 0D AB 14 00 01 00 2C 40 00 8F C2 75 BE 00 8F C2 75 BE 00 8F C2 75 BE 00 00 00 80 3F 00 47 E1 47 42 00 67 E6 68 43 00 9A 99 6A 43 00 33 B3 6A 43 00 00 00 00 00 00 9A 99 01 41 00 9A 99 01 41 00 5C 8F 88 42 00 A4 70 B5 41 00 A4 70 B5 41 00 29 5C B7 41 00 14 AE C7 BF 00 99 99 19 BF 00 EB 51 B8 BE 00 8F C2 75 BE 00 EE 7C 7F 3F 00 85 EB 47 42 00 9A 99 B2 42 00 CD CC B2 42 00 67 26 28 44 00 9A 99 B1 42 00 C2 F5 0C 41 00 00 A0 3B 44 00 67 66 AE 42 00 9A 99 B0 42 00 33 33 B0 42 00 67 66 B0 42 00 CD CC CC 3D 00 CD CC CC 3D 00 00 00 00 00 00 00 00 00 00 00 00 00 00 00 00 00 00 00 00 00 00 00 00 00 00 00 00 00 00 00 00 00 00 00 00 00 00 00 00 00 00 00 00 00 00 00 00 00 00 00
13:59:11.915 设备发送:68 DA 16 00 12 00 0D A9 14 00 01 00 57 40 00 1F 85 8F 41 00 29 5C 8F 3D 00 00 00 00 00 00 CD CC 0C 41 00 00 00 00 00 00 00 00 00 00 00 00 00 00 00 00 00 00 00 00 00 00 00 00 00 00 00 00 00 00 00 00 00 00 00 00 00 00 00 00 00 00 00 00 00 00 00 00 00 00 00 00 00 00 00 00 00 00 00 00 00 00 00 00 00 00 00 00 00 00 00 00 00 00 00 00 00 00 00 00 00 00 00 00 00 00 00 00 00 00 00 9A 99 69 43 00 33 33 6A 43 00 9A 19 6B 43 00 AE 47 C9 41 00 7B 14 CA 41 00 CD CC CA 41 00 00 00 00 00 00 3D 0A 8D 41 00 EB 51 B8 3D 00 00 00 00 00 00 85 EB 47 42 00 00 00 00 00 00 00 00 50 42 00 00 00 3D 44 00 00 00 DC 42 00 00 00 00 00 00 00 00 00 00 00 00 00 00 00 00 00 00 00 00 00
13:59:12.118 设备发送:68 E4 18 00 12 00 0D AB 14 00 01 00 80 40 00 00 00 00 00 00 00 00 00 00 00 CD AC 39 44 00 33 B3 3B 44 00 CD CC DC 42 00 33 33 DD 42 00 8F 42 91 42 00 33 73 39 44 00 33 13 3A 44 00 9A 99 DC 42 00 00 00 DD 42 00 CD CC DC 42 00 00 00 00 00 00 00 00 00 00 00 00 00 00 00 00 00 00 00 00 00 00 00 00 00 00 00 00 00 00 00 00 00 00 00 00 00 00 00 00 00 00 00 00 00 00 00 00 00 00 00 99 99 89 41 00 F6 28 0C 41 00 00 00 00 00 00 29 5C 8F 3D 00 00 00 27 43 00 1F 85 89 41 00 5C 8F 0A 41 00 00 00 00 00 00 00 00 00 00 00 00 00 00 00 00 00 00 00 00 00 0A D7 23 3D 00 00 00 00 00 00 00 00 00 00 00 00 00 00 00 00 00 00 00 00 00 00 00 00 00 00 00 00 00 00 00 00 00 00 00 00 00 00 00 00 00 00 00 00 00 00
13:59:12.336 设备发送:68 E4 1A 00 12 00 0D AB 14 00 01 00 AB 40 00 00 00 00 00 00 00 00 00 00 00 00 00 00 00 00 33 33 6B 43 00 33 33 6B 43 00 9A 19 6C 43 00 5C 0F 8B 42 00 70 BD 8A 42 00 F6 28 8B 42 00 00 00 00 00 00 F5 28 44 42 00 99 99 99 3E 00 00 00 00 00 00 85 EB 47 42 00 00 00 00 00 00 00 00 10 42 00 00 80 3A 44 00 00 00 DC 42 00 00 00 00 00 00 00 00 00 00 00 00 00 00 00 00 00 00 00 00 00 00 00 00 00 00 00 00 00 00 00 CD EC 32 44 00 00 80 33 44 00 CD 2C 32 44 00 67 66 32 44 00 EB D1 8E 42 00 00 60 11 44 00 33 33 DC 42 00 9A 99 DD 42 00 00 00 DB 42 00 9A 99 DD 42 00 67 66 A6 3F 00 00 00 00 3F 00 00 00 00 00 00 00 00 00 00 00 00 00 00 00 00 00 00 00 00 00 00 00 00 00 00 00 00 00 00 00 00 00 00 00 00
13:59:12.430 设备接收:68 04 01 00 18 00
13:59:12.525 设备发送:68 DA 1C 00 12 00 0D A9 14 00 01 00 D6 40 00 00 00 00 00 00 1F 85 89 41 00 CD CC 88 41 00 29 5C 89 41 00 1F 85 89 41 00 33 33 2E 43 00 E1 7A 10 41 00 00 00 00 00 00 0A D7 23 3D 00 00 00 00 00 00 00 00 00 00 00 00 00 00 00 00 8F C2 F5 3C 00 00 00 00 00 00 00 00 00 00 00 00 00 00 00 00 00 00 00 00 00 00 00 00 00 00 00 00 00 00 00 00 00 00 00 00 00 00 00 00 00 00 00 00 00 00 00 00 00 00 00 00 00 00 00 00 00 00 00 00 00 67 66 6C 43 00 00 00 6C 43 00 67 E6 6D 43 00 85 6B B6 42 00 70 3D B6 42 00 CD 4C B6 42 00 00 00 00 00 00 C2 75 81 42 00 70 3D 0A BF 00 00 00 00 00 00 47 E1 47 42 00 00 00 00 00 00 00 00 40 42 00 00 40 3A 44 00 00 00 DC 42 00 00 00 00 00 00
13:59:12.724 设备发送:68 E4 1E 00 12 00 0D AB 14 00 01 00 FF 40 00 00 00 00 00 00 00 00 00 00 00 00 00 00 00 00 00 00 00 00 00 00 00 00 00 00 00 00 00 00 00 00 00 00 00 00 00 00 00 00 00 00 00 00 00 00 00 00 00 00 00 00 00 00 00 00 00 00 00 00 00 00 00 00 00 00 00 00 00 00 00 00 00 00 00 00 00 00 00 00 00 00 00 00 00 00 00 00 00 00 00 00 00 00 00 00 00 00 00 00 00 00 00 00 00 00 00 00 00 00 00 00 00 00 00 00 00 00 00 00 00 00 00 00 00 00 00 00 00 00 00 00 00 00 00 00 00 00 00 00 00 00 00 00 00 00 00 00 00 00 00 00 00 00 00 00 00 00 00 00 00 00 00 00 00 00 00 00 00 00 00 00 00 00 00 00 00 00 00 00 00 00 00 00 00 00 00 00 00 00 00 00 00 00 00 00 00 00 00 00 00 00 00 00 00 00 00 00 00 00 00 00 00 00 00 00
13:59:12.943 设备发送:68 E4 20 00 12 00 0D AB 14 00 01 00 2A 41 00 00 00 00 00 00 00 00 00 00 00 00 00 00 00 00 00 00 00 00 00 00 00 00 00 00 00 00 00 00 00 33 B3 69 43 00 9A 19 6B 43 00 00 00 00 00 00 AE 47 2F 42 00 F6 28 2E 42 00 00 00 00 00 00 00 00 00 00 00 1E 85 F5 41 00 99 99 99 BE 00 00 00 00 00 00 85 EB 47 42 00 00 00 00 00 00 00 00 00 00 00 00 00 00 00 00 00 00 DC 42 00 00 00 00 00 00 00 00 00 00 00 00 00 00 00 00 00 00 00 00 00 00 00 00 00 00 00 00 00 00 00 00 00 00 00 00 00 00 00 00 00 00 00 00 00 00 00 00 00 00 00 00 00 00 00 00 00 00 00 00 00 00 00 00 00 00 00 00 00 00 00 00 00 00 00 00 00 00 00 00 00 00 00 00 00 00 00 00 00 00 00 00 00 00 00 00 00 00 00 00 00 00 00 00 00 00 00 00 00 00 00
13:59:13.034 设备接收:68 04 01 00 20 00
13:59:13.163 设备发送:68 DA 22 00 12 00 0D A9 14 00 01 00 55 41 00 00 00 00 00 00 00 00 00 00 00 00 00 00 00 00 00 00 00 00 00 00 00 00 00 00 00 00 00 00 00 00 00 00 00 00 00 00 00 00 00 00 00 00 00 00 00 00 00 00 00 00 00 00 00 00 00 00 00 00 00 00 00 00 00 00 00 00 00 00 00 00 00 00 00 00 00 00 00 00 00 00 00 00 00 00 00 00 00 00 00 00 00 00 00 00 00 00 00 00 00 00 00 00 00 00 00 00 00 00 00 00 00 00 00 00 00 00 00 00 00 00 00 00 00 00 00 00 00 00 00 00 00 00 00 00 00 00 00 00 00 00 00 00 00 00 00 00 00 00 00 00 00 00 00 00 00 00 00 00 00 00 00 00 00 00 00 00 00 00 00 00 00 00 00 00 00 00 00 00 00 00 00 00 00 00 00 00 00 00 00 00 00 00 00 00 00 00 00 00 00 00 00 00 00 00
13:59:13.381 设备发送:68 E4 24 00 12 00 0D AB 14 00 01 00 7E 41 00 00 00 00 00 00 00 00 DC 42 00 00 00 00 00 00 00 00 00 00 00 00 00 00 00 00 00 00 00 00 00 00 00 00 00 00 00 00 00 00 00 00 00 00 00 00 00 00 00 00 00 00 00 00 00 00 00 00 00 00 00 00 00 00 00 00 00 00 00 00 00 00 00 00 00 00 00 00 00 00 00 00 00 00 00 00 00 00 00 00 00 00 00 00 00 00 00 00 00 00 00 00 00 00 00 00 00 00 00 00 00 00 00 00 00 00 00 00 00 00 00 00 00 00 00 00 00 00 00 00 00 00 00 00 00 00 00 00 00 00 00 00 00 00 00 00 00 00 00 00 00 00 00 00 00 00 00 00 00 00 00 00 00 00 00 00 00 00 00 00 00 00 00 00 00 00 00 00 00 00 00 00 00 00 00 00 00 00 00 00 00 00 00 00 00 00 00 00 00 00 00 00 00 00 00 00 00 00 00 00 00 00 00 00 00 00
13:59:13.591 设备发送:68 E4 26 00 12 00 0D AB 14 00 01 00 A9 41 00 00 00 00 00 00 00 00 00 00 00 00 00 00 00 00 00 00 00 00 00 00 00 00 00 00 00 00 00 00 00 00 00 00 00 00 00 00 00 00 00 00 00 00 00 00 00 00 00 00 00 00 00 00 00 00 00 00 00 00 00 00 00 00 00 00 00 00 00 00 00 00 00 00 00 00 00 00 00 00 00 00 00 00 00 00 00 00 00 00 00 00 00 00 00 00 00 00 00 00 00 00 00 00 00 00 00 00 00 00 00 00 00 00 00 00 00 00 DC 42 00 00 00 00 00 00 00 00 00 00 00 00 00 00 00 00 00 00 00 00 00 00 00 00 00 00 00 00 00 00 00 00 00 00 00 00 00 00 00 00 00 00 00 00 00 00 00 00 00 00 00 00 00 00 00 00 00 00 00 00 00 00 00 00 00 00 00 00 00 00 00 00 00 00 00 00 00 00 00 00 00 00 00 00 00 00 00 00 00 00 00 00 00 00 00 00
13:59:13.773 设备发送:68 DA 28 00 12 00 0D A9 14 00 01 00 D4 41 00 00 00 00 00 00 00 00 00 00 00 00 00 00 00 00 00 00 00 00 00 00 00 00 00 00 00 00 00 00 00 00 00 00 00 00 00 00 00 00 00 00 00 00 00 00 00 00 00 00 00 00 00 00 00 00 00 00 00 00 00 00 00 00 00 00 00 00 00 00 00 00 00 00 00 00 00 00 00 00 00 00 00 00 00 00 00 00 00 00 00 00 00 00 00 00 00 00 00 00 00 00 00 00 00 00 00 00 00 00 00 00 00 00 00 00 00 00 00 00 00 00 00 00 00 00 00 00 00 00 00 00 00 00 00 00 00 00 00 00 00 00 00 00 00 00 00 00 00 00 00 00 00 00 00 00 00 00 00 00 00 00 00 00 00 00 00 00 00 00 00 00 00 00 00 00 00 00 00 00 00 00 00 00 00 00 00 00 00 00 00 00 00 00 00 00 00 00 00 00 00 00 00 00 00 00
13:59:13.897 设备接收:68 04 01 00 28 00
13:59:13.973 设备发送:68 E4 2A 00 12 00 0D AB 14 00 01 00 FD 41 00 00 00 00 00 00 00 00 00 00 00 00 00 00 00 00 00 00 00 00 00 00 00 DC 42 00 00 00 00 00 00 00 00 00 00 00 00 00 00 00 00 00 00 00 00 00 00 00 00 00 00 00 00 00 00 00 00 00 00 00 00 00 00 00 00 00 00 00 00 00 00 00 00 00 00 00 00 00 00 00 00 00 00 00 00 00 00 00 00 00 00 00 00 00 00 00 00 00 00 00 00 00 00 00 00 00 00 00 00 00 00 00 00 00 00 00 00 00 00 00 00 00 00 00 00 00 00 00 00 00 00 00 00 00 00 00 00 00 00 00 00 00 00 00 00 00 00 00 00 00 00 00 00 00 00 00 00 00 00 00 00 00 00 00 00 00 00 00 00 00 00 00 00 00 00 00 00 00 00 00 00 00 00 00 00 00 00 00 00 00 00 00 00 00 00 00 00 00 00 00 00 00 00 00 00 00 00 00 00 00 00 00 00 00 00 00
13:59:14.192 设备发送:68 E4 2C 00 12 00 0D AB 14 00 01 00 28 42 00 00 00 00 00 00 00 00 00 00 00 00 00 00 00 00 00 00 00 00 00 00 00 00 00 00 00 00 00 00 00 00 00 00 00 00 00 00 00 00 00 00 00 00 00 00 00 00 00 00 00 00 00 00 00 00 00 00 00 00 00 00 00 00 00 00 00 00 00 00 00 00 00 00 00 00 00 00 00 00 00 00 00 00 00 00 00 00 00 00 00 00 00 00 00 00 00 00 00 00 00 00 00 00 00 00 00 00 00 00 00 00 00 00 00 00 00 00 00 00 00 00 00 00 00 00 00 00 00 00 00 00 00 DC 42 00 00 00 00 00 00 00 00 00 00 00 00 00 00 00 00 00 00 00 00 00 00 00 00 00 00 00 00 00 00 00 00 00 00 00 00 00 00 00 00 00 00 00 00 00 00 00 00 00 00 00 00 00 00 00 00 00 00 00 00 00 00 00 00 00 00 00 00 00 00 00 00 00 00 00 00 00 00 00 00 00
13:59:14.401 设备发送:68 DA 2E 00 12 00 0D A9 14 00 01 00 53 42 00 00 00 00 00 00 00 00 00 00 00 00 00 00 00 00 00 00 00 00 00 00 00 00 00 00 00 00 00 00 00 00 00 00 00 00 00 00 00 00 00 00 00 00 00 00 00 00 00 00 00 00 00 00 00 00 00 00 00 00 00 00 00 00 00 00 00 00 00 00 00 00 00 00 00 00 00 00 00 00 00 00 00 00 00 00 00 00 00 00 00 00 00 00 00 00 00 00 00 00 00 00 00 00 00 00 00 00 00 00 00 00 00 00 00 00 00 00 00 00 00 00 00 00 00 00 00 00 00 00 00 00 00 00 00 00 00 00 00 00 00 00 00 00 00 00 00 00 00 00 00 00 00 00 00 00 00 00 00 00 00 00 00 00 00 00 00 00 00 00 00 00 00 00 00 00 00 00 00 00 00 00 00 00 00 00 00 00 00 00 00 00 00 00 00 00 00 00 00 00 00 00 00 00 00 00
13:59:14.613 设备发送:68 E4 30 00 12 00 0D AB 14 00 01 00 7C 42 00 00 00 00 00 00 00 00 00 00 00 00 00 00 00 00 00 00 00 00 00 00 00 00 00 00 00 00 00 00 00 00 00 00 00 00 00 00 DC 42 00 00 00 00 00 00 00 00 00 00 00 00 00 00 00 00 00 00 00 00 00 00 00 00 00 00 00 00 00 00 00 00 00 00 00 00 00 00 00 00 00 00 00 00 00 00 00 00 00 00 00 00 00 00 00 00 00 00 00 00 00 00 00 00 00 00 00 00 00 00 00 00 00 00 00 00 00 00 00 00 00 00 00 00 00 00 00 00 00 00 00 00 00 00 00 00 00 00 00 00 00 00 00 00 00 00 00 00 00 00 00 00 00 00 00 00 00 00 00 00 00 00 00 00 00 00 00 00 00 00 00 00 00 00 00 00 00 00 00 00 00 00 00 00 00 00 00 00 00 00 00 00 00 00 00 00 00 00 00 00 00 00 00 00 00 00 00 00 00 00 00 00 00 00 00 00
13:59:14.705 设备接收:68 04 01 00 30 00
13:59:14.834 设备发送:68 E4 32 00 12 00 0D AB 14 00 01 00 A7 42 00 00 00 00 00 00 00 00 00 00 00 00 00 00 00 00 00 00 00 00 00 00 00 00 00 00 00 00 00 00 00 00 00 00 00 00 00 00 00 00 00 00 00 00 00 00 00 00 00 00 00 00 00 00 00 00 00 00 00 00 00 00 00 00 00 00 00 00 00 00 00 00 00 00 00 00 00 00 00 00 00 00 00 00 00 00 00 00 00 00 00 00 00 00 00 00 00 00 00 00 00 00 00 00 00 00 00 00 00 00 00 00 00 00 00 00 00 00 00 00 00 00 00 00 00 00 00 00 00 00 00 00 00 00 00 00 00 00 00 00 00 00 00 00 00 00 00 00 DC 42 00 00 00 00 00 00 00 00 00 00 00 00 00 00 00 00 00 00 00 00 00 00 00 00 00 00 00 00 00 00 00 00 00 00 00 00 00 00 00 00 00 00 00 00 00 00 00 00 00 00 00 00 00 00 00 00 00 00 00 00 00 00 00 00 00 00
13:59:15.033 设备发送:68 DA 34 00 12 00 0D A9 14 00 01 00 D2 42 00 00 00 00 00 00 00 00 00 00 00 00 00 00 00 00 00 00 00 00 00 00 00 00 00 00 00 00 00 00 00 00 00 00 00 00 00 00 00 00 00 00 00 00 00 00 00 00 00 00 00 00 00 00 00 00 00 00 00 00 00 00 00 00 00 00 00 00 00 00 00 00 00 00 00 00 00 00 00 00 00 00 00 00 00 00 00 00 00 00 00 00 00 00 00 00 00 00 00 00 00 00 00 00 00 00 00 00 00 00 00 00 00 00 00 00 00 00 00 00 00 00 00 00 00 00 00 00 00 00 00 00 00 00 00 00 00 00 00 00 00 00 00 00 00 00 00 00 00 00 00 00 00 00 00 00 00 00 00 00 00 00 00 00 00 00 00 00 00 00 00 00 00 00 00 00 00 00 00 00 00 00 00 00 00 00 00 00 00 00 00 00 00 00 00 00 00 00 00 00 00 00 00 00 00 00
13:59:15.235 设备发送:68 E4 36 00 12 00 0D AB 14 00 01 00 FB 42 00 00 00 00 00 00 00 00 00 00 00 00 00 00 00 00 00 00 00 00 00 00 00 00 00 00 00 00 00 00 00 00 00 00 00 00 00 00 00 00 00 00 00 00 00 00 00 00 00 00 00 00 00 20 42 00 00 00 00 00 00 00 00 00 00 00 00 00 00 00 00 00 00 00 00 00 00 00 00 00 00 00 00 00 00 00 00 00 00 00 00 00 00 00 00 00 00 00 00 00 00 00 00 00 00 00 00 00 00 00 00 00 00 00 00 00 00 00 00 00 00 00 00 00 00 00 00 00 00 00 00 00 00 00 00 00 00 00 00 00 00 00 00 00 00 00 00 00 00 00 00 00 00 00 00 00 00 00 00 00 00 00 00 00 00 00 00 00 00 00 00 00 00 00 00 00 00 00 00 00 00 00 00 00 00 00 00 00 00 00 00 00 00 00 00 00 00 00 00 00 00 00 00 00 00 00 00 00 00 00 00 00 00 00 00 00
13:59:15.443 设备发送:68 D0 38 00 12 00 0D A7 14 00 01 00 26 43 00 00 00 00 00 00 00 00 00 00 00 00 00 00 00 00 00 00 00 00 00 00 00 00 00 00 00 00 00 00 00 00 00 00 00 00 00 00 00 00 00 00 00 00 00 00 00 00 00 00 00 00 00 00 00 00 00 00 00 00 00 00 00 00 00 00 00 00 00 00 00 00 00 00 00 00 00 00 00 00 00 00 00 00 00 00 00 00 00 00 00 00 00 00 00 00 00 00 00 00 00 00 00 00 00 00 00 00 00 00 00 00 00 00 00 00 00 00 00 00 00 00 00 00 00 00 00 00 00 00 00 00 00 00 00 00 00 00 00 00 00 00 00 00 00 00 00 00 00 00 00 00 00 00 00 00 00 00 00 00 00 00 00 04 42 00 00 00 00 00 00 00 00 00 00 00 00 00 00 00 00 00 00 00 00 00 00 00 00 00 00 00 00 00 00 00
13:59:15.554 设备接收:68 04 01 00 38 00
13:59:15.655 设备发送:68 0E 3A 00 12 00 64 01 0A 00 01 00 00 00 00 14
13:59:19.767 设备接收:68 04 01 00 3C 00
13:59:21.480 设备发送:68 15 3C 00 12 00 1E 01 03 00 01 00 97 00 00 01 CF 51 3B 0D 0A 01 19
13:59:21.684 设备发送:68 0E 3E 00 12 00 01 01 03 00 01 00 98 00 00 00
13:59:21.890 设备发送:68 15 40 00 12 00 1E 01 03 00 01 00 98 00 00 00 DC 51 3B 0D 0A 01 19
13:59:24.784 设备接收:68 04 01 00 42 00
13:59:26.902 设备发送:68 5A 42 00 12 00 0D 0A 03 00 01 00 04 41 00 9A 39 52 44 00 05 41 00 CD 4C 52 44 00 06 41 00 9A 59 52 44 00 07 41 00 67 C6 3F 44 00 08 41 00 52 B8 9C 42 00 18 41 00 A4 70 D5 40 00 19 41 00 D7 A3 60 40 00 1A 41 00 B8 1E 55 40 00 1B 41 00 EB 51 C8 40 00 1C 41 00 9A 99 86 42 00
13:59:30.203 设备接收:68 04 01 00 44 00
13:59:30.922 设备发送:68 4A 44 00 12 00 0D 08 03 00 01 00 09 41 00 9A D9 41 44 00 0A 41 00 9A 19 42 44 00 0B 41 00 9A B9 4A 44 00 0C 41 00 CD 4C 0C 43 00 0D 41 00 67 66 0D 43 00 1D 41 00 33 33 E3 40 00 1E 41 00 7B 14 5E 40 00 1F 41 00 33 33 63 40 00
13:59:34.235 设备接收:68 04 01 00 46 00
13:59:38.976 设备发送:68 12 46 00 12 00 0D 01 03 00 01 00 3D 41 00 00 00 0B 44 00
13:59:42.253 设备接收:68 04 01 00 48 00
13:59:42.973 设备发送:68 12 48 00 12 00 0D 01 03 00 01 00 3C 41 00 00 00 3C 42 00
13:59:46.279 设备接收:68 04 01 00 4A 00
13:59:46.992 设备发送:68 1A 4A 00 12 00 0D 02 03 00 01 00 78 41 00 66 66 FE 41 00 7B 41 00 C2 F5 47 42 00
13:59:50.504 设备接收:68 04 01 00 4C 00
13:59:51.011 设备发送:68 1A 4C 00 12 00 0D 02 03 00 01 00 71 41 00 9A 19 6A 43 00 74 41 00 52 B8 34 42 00
13:59:54.912 设备接收:68 04 01 00 4E 00
13:59:55.039 设备发送:68 2A 4E 00 12 00 0D 04 03 00 01 00 72 41 00 CD CC 69 43 00 73 41 00 33 B3 6B 43 00 75 41 00 F5 28 35 42 00 76 41 00 AE 47 35 42 00
13:59:58.357 设备接收:68 04 01 00 50 00
14:00:00.966 设备接收:68 14 12 00 50 00 67 01 06 00 01 00 00 00 00 0B 01 00 0E AA 01 19
14:00:01.229 设备发送:68 12 50 00 14 00 01 02 03 00 01 00 C5 00 00 01 C6 00 00 00
14:00:01.434 设备发送:68 20 52 00 14 00 1E 02 03 00 01 00 C5 00 00 01 69 01 00 0E 0A 01 19 C6 00 00 00 72 01 00 0E 0A 01 19
14:00:01.636 设备发送:68 14 54 00 14 00 67 01 07 00 01 00 00 00 00 0B 01 00 0E AA 01 19
14:00:04.734 设备接收:68 04 01 00 56 00
14:00:07.642 设备发送:68 AA 56 00 14 00 0D 14 03 00 01 00 45 41 00 CD 6C 44 44 00 46 41 00 33 33 40 44 00 47 41 00 33 F3 46 44 00 48 41 00 67 86 43 44 00 49 41 00 66 E6 9B 42 00 4A 41 00 9A 39 43 44 00 4B 41 00 67 E6 3F 44 00 4C 41 00 9A 19 2B 44 00 4D 41 00 9A F9 42 44 00 4E 41 00 00 C0 44 44 00 59 41 00 F5 28 D4 40 00 5A 41 00 0A D7 D3 40 00 5B 41 00 CC CC 4C 40 00 5C 41 00 A4 70 DD 40 00 5D 41 00 67 66 06 42 00 5E 41 00 52 B8 5E 40 00 5F 41 00 EB 51 58 40 00 60 41 00 14 AE 67 40 00 61 41 00 99 99 59 40 00 62 41 00 70 3D 5A 40 00
14:00:09.766 设备接收:68 0E 14 00 58 00 64 01 06 00 01 00 00 00 00 14
14:00:09.868 设备发送:68 0E 58 00 16 00 64 01 07 00 01 00 00 00 00 14
14:00:10.071 设备发送:68 8C 5A 00 16 00 01 FF 14 00 01 00 01 00 00 01 00 00 00 00 00 01 01 01 00 00 00 01 00 00 00 00 00 00 00 00 00 00 00 00 00 00 00 00 00 00 00 00 00 00 00 00 00 00 00 00 00 00 00 00 00 00 00 00 00 00 00 00 00 00 00 00 00 01 00 00 00 00 00 00 00 00 00 00 00 00 00 00 00 00 00 00 00 00 00 00 00 00 00 00 00 00 00 00 00 00 00 00 00 00 00 00 00 00 00 00 00 00 00 01 00 00 00 00 00 00 00 00 00 00 00 00 00 00 00 00 00 00 00 00 00 00
14:00:10.261 设备发送:68 8C 5C 00 16 00 01 FF 14 00 01 00 80 00 00 00 00 00 00 00 00 00 00 00 00 00 00 00 00 00 00 00 00 00 00 00 00 00 01 00 00 00 00 00 00 00 00 00 00 00 00 00 00 00 00 00 00 00 00 00 00 00 00 00 00 00 00 00 00 00 00 00 00 00 00 00 00 00 00 00 00 00 00 00 01 00 00 00 00 00 00 00 00 00 00 00 00 00 00 00 00 00 00 00 00 00 00 00 00 00 00 00 00 00 00 00 00 00 00 00 00 00 00 00 00 00 00 00 00 00 00 01 00 00 00 00 00 00 00 00 00 00
14:00:10.368 设备接收:68 04 01 00 5E 00
14:00:10.461 设备发送:68 8C 5E 00 16 00 01 FF 14 00 01 00 FF 00 00 00 00 00 00 00 00 00 00 00 00 00 00 00 00 00 00 00 00 00 00 00 00 00 00 00 00 00 00 00 00 00 00 00 00 00 01 00 00 00 00 00 00 00 00 00 00 00 00 00 00 00 00 00 00 00 00 00 00 00 00 00 00 00 00 00 00 00 00 00 00 00 00 00 00 00 00 00 00 00 00 00 01 00 00 00 00 00 00 00 00 00 00 00 00 00 00 00 00 00 00 00 00 00 00 00 00 00 00 00 00 00 00 00 00 00 00 00 00 00 00 00 00 00 00 00 00 00
14:00:10.681 设备发送:68 8C 60 00 16 00 01 FF 14 00 01 00 7E 01 00 01 00 00 00 00 00 00 00 00 00 00 00 00 00 00 00 00 00 00 00 00 00 00 00 00 00 00 00 00 00 00 00 00 00 00 00 00 00 00 00 00 00 00 00 00 00 01 00 00 00 00 00 00 00 00 00 00 00 00 00 00 00 00 00 00 00 00 00 00 00 00 00 00 00 00 00 00 00 00 00 00 00 00 00 00 00 00 00 00 00 00 00 01 00 00 00 00 00 00 00 00 00 00 00 00 00 00 00 00 00 00 00 00 00 00 00 00 00 00 00 00 00 00 00 00 00 00
14:00:10.899 设备发送:68 42 62 00 16 00 01 B5 14 00 01 00 FD 01 00 00 00 00 00 00 00 00 00 00 00 00 01 00 00 00 00 00 00 00 00 00 00 00 00 00 00 00 00 00 00 00 00 00 00 00 00 00 00 00 00 00 00 00 00 00 00 00 00 00 00 00 00 00
14:00:11.124 设备发送:68 E4 64 00 16 00 0D AB 14 00 01 00 01 40 00 9A 99 6A 43 00 33 B3 6A 43 00 00 00 6B 43 00 00 00 00 00 00 CD CC CC 3D 00 33 33 7B 41 00 99 99 31 C2 00 8F C2 F5 BD 00 5C 8F B2 C1 00 5C 8F B2 C1 00 29 5C 99 C2 00 00 00 00 00 00 D7 A3 18 C2 00 B8 1E 19 C2 00 8A 41 00 BF 00 47 E1 47 42 00 33 33 6A 43 00 33 B3 6A 43 00 9A 19 6A 43 00 00 00 00 00 00 00 00 30 41 00 00 00 30 41 00 00 00 BA 42 00 52 B8 F6 41 00 52 B8 F6 41 00 D7 A3 F8 41 00 99 99 19 BF 00 EB 51 B8 BE 00 8F C2 75 BE 00 8F C2 75 BE 00 00 00 80 3F 00 47 E1 47 42 00 00 80 69 43 00 9A 99 6A 43 00 67 E6 6A 43 00 00 00 00 00 00 9A 99 21 41 00 9A 99 21 41 00 66 66 AA 42 00 99 99 E1 41 00 99 99 E1 41 00 E1 7A E4 41 00 3D 0A 57 BF 00
14:00:11.195 设备接收:68 04 01 00 66 00
14:00:11.319 设备发送:68 E4 66 00 16 00 0D AB 14 00 01 00 2C 40 00 EB 51 B8 BE 00 EB 51 B8 BE 00 8F C2 F5 BD 00 78 BE 7F 3F 00 47 E1 47 42 00 00 80 68 43 00 33 33 6A 43 00 33 B3 6A 43 00 00 00 00 00 00 33 33 03 41 00 9A 99 01 41 00 CD CC 88 42 00 66 66 B6 41 00 66 66 B6 41 00 66 66 B6 41 00 EB 51 B8 BF 00 EB 51 B8 BE 00 8F C2 F5 BE 00 EB 51 B8 BE 00 00 00 80 3F 00 85 EB 47 42 00 9A 99 B2 42 00 CD CC B2 42 00 67 26 28 44 00 9A 99 B1 42 00 C2 F5 0C 41 00 00 A0 3B 44 00 67 66 AE 42 00 9A 99 B0 42 00 33 33 B0 42 00 67 66 B0 42 00 CD CC CC 3D 00 CD CC CC 3D 00 00 00 00 00 00 00 00 00 00 00 00 00 00 00 00 00 00 00 00 00 00 00 00 00 00 00 00 00 00 00 00 00 00 00 00 00 00 00 00 00 00 00 00 00 00 00 00 00 00 00
14:00:11.524 设备发送:68 DA 68 00 16 00 0D A9 14 00 01 00 57 40 00 1F 85 8F 41 00 29 5C 8F 3D 00 00 00 00 00 00 CD CC 0C 41 00 00 00 00 00 00 00 00 00 00 00 00 00 00 00 00 00 00 00 00 00 00 00 00 00 00 00 00 00 00 00 00 00 00 00 00 00 00 00 00 00 00 00 00 00 00 00 00 00 00 00 00 00 00 00 00 00 00 00 00 00 00 00 00 00 00 00 00 00 00 00 00 00 00 00 00 00 00 00 00 00 00 00 00 00 00 00 00 00 00 00 9A 99 69 43 00 33 33 6A 43 00 9A 19 6B 43 00 AE 47 C9 41 00 7B 14 CA 41 00 CD CC CA 41 00 00 00 00 00 00 3D 0A 8D 41 00 EB 51 B8 3D 00 00 00 00 00 00 85 EB 47 42 00 00 00 00 00 00 00 00 50 42 00 00 00 3D 44 00 00 00 DC 42 00 00 00 00 00 00 00 00 00 00 00 00 00 00 00 00 00 00 00 00 00
14:00:11.723 设备发送:68 E4 6A 00 16 00 0D AB 14 00 01 00 80 40 00 00 00 00 00 00 00 00 00 00 00 CD AC 39 44 00 33 B3 3B 44 00 CD CC DC 42 00 33 33 DD 42 00 8F 42 91 42 00 33 73 39 44 00 33 13 3A 44 00 9A 99 DC 42 00 00 00 DD 42 00 CD CC DC 42 00 00 00 00 00 00 00 00 00 00 00 00 00 00 00 00 00 00 00 00 00 00 00 00 00 00 00 00 00 00 00 00 00 00 00 00 00 00 00 00 00 00 00 00 00 00 00 00 00 00 00 99 99 89 41 00 F6 28 0C 41 00 00 00 00 00 00 29 5C 8F 3D 00 00 00 27 43 00 1F 85 89 41 00 5C 8F 0A 41 00 00 00 00 00 00 00 00 00 00 00 00 00 00 00 00 00 00 00 00 00 0A D7 23 3D 00 00 00 00 00 00 00 00 00 00 00 00 00 00 00 00 00 00 00 00 00 00 00 00 00 00 00 00 00 00 00 00 00 00 00 00 00 00 00 00 00 00 00 00 00 00
14:00:11.959 设备发送:68 E4 6C 00 16 00 0D AB 14 00 01 00 AB 40 00 00 00 00 00 00 00 00 00 00 00 00 00 00 00 00 33 33 6B 43 00 33 33 6B 43 00 9A 19 6C 43 00 5C 0F 8B 42 00 70 BD 8A 42 00 F6 28 8B 42 00 00 00 00 00 00 F5 28 44 42 00 99 99 99 3E 00 00 00 00 00 00 85 EB 47 42 00 00 00 00 00 00 00 00 10 42 00 00 80 3A 44 00 00 00 DC 42 00 00 00 00 00 00 00 00 00 00 00 00 00 00 00 00 00 00 00 00 00 00 00 00 00 00 00 00 00 00 00 CD EC 32 44 00 00 80 33 44 00 CD 2C 32 44 00 67 66 32 44 00 EB D1 8E 42 00 00 60 11 44 00 33 33 DC 42 00 9A 99 DD 42 00 00 00 DB 42 00 9A 99 DD 42 00 67 66 A6 3F 00 00 00 00 3F 00 00 00 00 00 00 00 00 00 00 00 00 00 00 00 00 00 00 00 00 00 00 00 00 00 00 00 00 00 00 00 00 00 00 00 00
14:00:12.036 设备接收:68 04 01 00 6E 00
14:00:12.132 设备发送:68 DA 6E 00 16 00 0D A9 14 00 01 00 D6 40 00 00 00 00 00 00 1F 85 89 41 00 CD CC 88 41 00 29 5C 89 41 00 1F 85 89 41 00 33 33 2E 43 00 E1 7A 10 41 00 00 00 00 00 00 0A D7 23 3D 00 00 00 00 00 00 00 00 00 00 00 00 00 00 00 00 8F C2 F5 3C 00 00 00 00 00 00 00 00 00 00 00 00 00 00 00 00 00 00 00 00 00 00 00 00 00 00 00 00 00 00 00 00 00 00 00 00 00 00 00 00 00 00 00 00 00 00 00 00 00 00 00 00 00 00 00 00 00 00 00 00 00 67 66 6C 43 00 00 00 6C 43 00 67 E6 6D 43 00 85 6B B6 42 00 70 3D B6 42 00 CD 4C B6 42 00 00 00 00 00 00 C2 75 81 42 00 70 3D 0A BF 00 00 00 00 00 00 47 E1 47 42 00 00 00 00 00 00 00 00 40 42 00 00 40 3A 44 00 00 00 DC 42 00 00 00 00 00 00
14:00:12.336 设备发送:68 E4 70 00 16 00 0D AB 14 00 01 00 FF 40 00 00 00 00 00 00 00 00 00 00 00 00 00 00 00 00 00 00 00 00 00 00 00 00 00 00 9A 39 52 44 00 CD 4C 52 44 00 9A 59 52 44 00 67 C6 3F 44 00 52 B8 9C 42 00 9A D9 41 44 00 9A 19 42 44 00 9A B9 4A 44 00 CD 4C 0C 43 00 67 66 0D 43 00 00 00 00 00 00 9A 99 99 3E 00 00 00 00 00 00 00 00 00 00 00 00 00 00 00 00 00 00 00 00 00 00 00 00 00 00 00 00 00 00 00 00 00 00 00 00 00 00 00 00 00 A4 70 D5 40 00 D7 A3 60 40 00 B8 1E 55 40 00 EB 51 C8 40 00 9A 99 86 42 00 33 33 E3 40 00 7B 14 5E 40 00 33 33 63 40 00 00 00 00 00 00 29 5C 0F 3E 00 00 00 00 00 00 0A D7 23 3C 00 00 00 00 00 00 00 00 00 00 00 00 00 00 00 00 00 00 00 00 00 00 00 00 00 00 00 00 00 00 00
14:00:12.556 设备发送:68 E4 72 00 16 00 0D AB 14 00 01 00 2A 41 00 00 00 00 00 00 00 00 00 00 00 00 00 00 00 00 00 00 00 00 00 00 00 00 00 00 00 00 00 00 00 33 B3 69 43 00 9A 19 6B 43 00 67 66 6B 43 00 AE 47 2F 42 00 F6 28 2E 42 00 85 EB 2F 42 00 00 00 00 00 00 1E 85 F5 41 00 99 99 99 BE 00 00 00 00 00 00 85 EB 47 42 00 00 00 00 00 00 00 00 3C 42 00 00 00 0B 44 00 00 00 DC 42 00 00 00 00 00 00 00 00 00 00 00 00 00 00 00 00 00 00 00 00 00 00 00 00 00 00 00 00 00 00 00 CD 6C 44 44 00 33 33 40 44 00 33 F3 46 44 00 67 86 43 44 00 66 E6 9B 42 00 9A 39 43 44 00 67 E6 3F 44 00 9A 19 2B 44 00 9A F9 42 44 00 00 C0 44 44 00 00 00 00 00 00 00 00 00 00 00 00 00 00 00 00 00 00 00 00 00 00 00 00 00 00 00 00 00 00 00
14:00:12.765 设备发送:68 DA 74 00 16 00 0D A9 14 00 01 00 55 41 00 00 00 00 00 00 00 00 00 00 00 00 00 00 00 00 00 00 00 00 00 F5 28 D4 40 00 0A D7 D3 40 00 CC CC 4C 40 00 A4 70 DD 40 00 67 66 06 42 00 52 B8 5E 40 00 EB 51 58 40 00 14 AE 67 40 00 99 99 59 40 00 70 3D 5A 40 00 00 00 00 00 00 0A D7 A3 3C 00 00 00 00 00 00 00 00 00 00 00 00 00 00 00 00 00 00 00 00 00 00 00 00 00 00 00 00 00 00 00 00 00 00 00 00 00 00 00 00 00 00 00 00 00 00 00 00 00 00 00 00 00 00 00 00 00 00 00 00 00 9A 19 6A 43 00 CD CC 69 43 00 33 B3 6B 43 00 52 B8 34 42 00 F5 28 35 42 00 AE 47 35 42 00 00 00 00 00 00 66 66 FE 41 00 29 5C 8F BE 00 00 00 00 00 00 C2 F5 47 42 00 00 00 00 00 00 00 00 00 00 00
14:00:12.884 设备接收:68 04 01 00 76 00
14:00:12.963 设备发送:68 E4 76 00 16 00 0D AB 14 00 01 00 7E 41 00 00 00 00 00 00 00 00 DC 42 00 00 00 00 00 00 00 00 00 00 00 00 00 00 00 00 00 00 00 00 00 00 00 00 00 00 00 00 00 00 00 00 00 00 00 00 00 00 00 00 00 00 00 00 00 00 00 00 00 00 00 00 00 00 00 00 00 00 00 00 00 00 00 00 00 00 00 00 00 00 00 00 00 00 00 00 00 00 00 00 00 00 00 00 00 00 00 00 00 00 00 00 00 00 00 00 00 00 00 00 00 00 00 00 00 00 00 00 00 00 00 00 00 00 00 00 00 00 00 00 00 00 00 00 00 00 00 00 00 00 00 00 00 00 00 00 00 00 00 00 00 00 00 00 00 00 00 00 00 00 00 00 00 00 00 00 00 00 00 00 00 00 00 00 00 00 00 00 00 00 00 00 00 00 00 00 00 00 00 00 00 00 00 00 00 00 00 00 00 00 00 00 00 00 00 00 00 00 00 00 00 00 00 00 00 00
14:00:13.183 设备发送:68 E4 78 00 16 00 0D AB 14 00 01 00 A9 41 00 00 00 00 00 00 00 00 00 00 00 00 00 00 00 00 00 00 00 00 00 00 00 00 00 00 00 00 00 00 00 00 00 00 00 00 00 00 00 00 00 00 00 00 00 00 00 00 00 00 00 00 00 00 00 00 00 00 00 00 00 00 00 00 00 00 00 00 00 00 00 00 00 00 00 00 00 00 00 00 00 00 00 00 00 00 00 00 00 00 00 00 00 00 00 00 00 00 00 00 00 00 00 00 00 00 00 00 00 00 00 00 00 00 00 00 00 00 DC 42 00 00 00 00 00 00 00 00 00 00 00 00 00 00 00 00 00 00 00 00 00 00 00 00 00 00 00 00 00 00 00 00 00 00 00 00 00 00 00 00 00 00 00 00 00 00 00 00 00 00 00 00 00 00 00 00 00 00 00 00 00 00 00 00 00 00 00 00 00 00 00 00 00 00 00 00 00 00 00 00 00 00 00 00 00 00 00 00 00 00 00 00 00 00 00 00
14:00:13.384 设备发送:68 DA 7A 00 16 00 0D A9 14 00 01 00 D4 41 00 00 00 00 00 00 00 00 00 00 00 00 00 00 00 00 00 00 00 00 00 00 00 00 00 00 00 00 00 00 00 00 00 00 00 00 00 00 00 00 00 00 00 00 00 00 00 00 00 00 00 00 00 00 00 00 00 00 00 00 00 00 00 00 00 00 00 00 00 00 00 00 00 00 00 00 00 00 00 00 00 00 00 00 00 00 00 00 00 00 00 00 00 00 00 00 00 00 00 00 00 00 00 00 00 00 00 00 00 00 00 00 00 00 00 00 00 00 00 00 00 00 00 00 00 00 00 00 00 00 00 00 00 00 00 00 00 00 00 00 00 00 00 00 00 00 00 00 00 00 00 00 00 00 00 00 00 00 00 00 00 00 00 00 00 00 00 00 00 00 00 00 00 00 00 00 00 00 00 00 00 00 00 00 00 00 00 00 00 00 00 00 00 00 00 00 00 00 00 00 00 00 00 00 00 00
14:00:13.601 设备发送:68 E4 7C 00 16 00 0D AB 14 00 01 00 FD 41 00 00 00 00 00 00 00 00 00 00 00 00 00 00 00 00 00 00 00 00 00 00 00 DC 42 00 00 00 00 00 00 00 00 00 00 00 00 00 00 00 00 00 00 00 00 00 00 00 00 00 00 00 00 00 00 00 00 00 00 00 00 00 00 00 00 00 00 00 00 00 00 00 00 00 00 00 00 00 00 00 00 00 00 00 00 00 00 00 00 00 00 00 00 00 00 00 00 00 00 00 00 00 00 00 00 00 00 00 00 00 00 00 00 00 00 00 00 00 00 00 00 00 00 00 00 00 00 00 00 00 00 00 00 00 00 00 00 00 00 00 00 00 00 00 00 00 00 00 00 00 00 00 00 00 00 00 00 00 00 00 00 00 00 00 00 00 00 00 00 00 00 00 00 00 00 00 00 00 00 00 00 00 00 00 00 00 00 00 00 00 00 00 00 00 00 00 00 00 00 00 00 00 00 00 00 00 00 00 00 00 00 00 00 00 00 00
14:00:13.681 设备接收:68 04 01 00 7E 00
14:00:13.808 设备发送:68 E4 7E 00 16 00 0D AB 14 00 01 00 28 42 00 00 00 00 00 00 00 00 00 00 00 00 00 00 00 00 00 00 00 00 00 00 00 00 00 00 00 00 00 00 00 00 00 00 00 00 00 00 00 00 00 00 00 00 00 00 00 00 00 00 00 00 00 00 00 00 00 00 00 00 00 00 00 00 00 00 00 00 00 00 00 00 00 00 00 00 00 00 00 00 00 00 00 00 00 00 00 00 00 00 00 00 00 00 00 00 00 00 00 00 00 00 00 00 00 00 00 00 00 00 00 00 00 00 00 00 00 00 00 00 00 00 00 00 00 00 00 00 00 00 00 00 00 DC 42 00 00 00 00 00 00 00 00 00 00 00 00 00 00 00 00 00 00 00 00 00 00 00 00 00 00 00 00 00 00 00 00 00 00 00 00 00 00 00 00 00 00 00 00 00 00 00 00 00 00 00 00 00 00 00 00 00 00 00 00 00 00 00 00 00 00 00 00 00 00 00 00 00 00 00 00 00 00 00 00 00
14:00:14.010 设备发送:68 DA 80 00 16 00 0D A9 14 00 01 00 53 42 00 00 00 00 00 00 00 00 00 00 00 00 00 00 00 00 00 00 00 00 00 00 00 00 00 00 00 00 00 00 00 00 00 00 00 00 00 00 00 00 00 00 00 00 00 00 00 00 00 00 00 00 00 00 00 00 00 00 00 00 00 00 00 00 00 00 00 00 00 00 00 00 00 00 00 00 00 00 00 00 00 00 00 00 00 00 00 00 00 00 00 00 00 00 00 00 00 00 00 00 00 00 00 00 00 00 00 00 00 00 00 00 00 00 00 00 00 00 00 00 00 00 00 00 00 00 00 00 00 00 00 00 00 00 00 00 00 00 00 00 00 00 00 00 00 00 00 00 00 00 00 00 00 00 00 00 00 00 00 00 00 00 00 00 00 00 00 00 00 00 00 00 00 00 00 00 00 00 00 00 00 00 00 00 00 00 00 00 00 00 00 00 00 00 00 00 00 00 00 00 00 00 00 00 00 00
14:00:14.228 设备发送:68 E4 82 00 16 00 0D AB 14 00 01 00 7C 42 00 00 00 00 00 00 00 00 00 00 00 00 00 00 00 00 00 00 00 00 00 00 00 00 00 00 00 00 00 00 00 00 00 00 00 00 00 00 DC 42 00 00 00 00 00 00 00 00 00 00 00 00 00 00 00 00 00 00 00 00 00 00 00 00 00 00 00 00 00 00 00 00 00 00 00 00 00 00 00 00 00 00 00 00 00 00 00 00 00 00 00 00 00 00 00 00 00 00 00 00 00 00 00 00 00 00 00 00 00 00 00 00 00 00 00 00 00 00 00 00 00 00 00 00 00 00 00 00 00 00 00 00 00 00 00 00 00 00 00 00 00 00 00 00 00 00 00 00 00 00 00 00 00 00 00 00 00 00 00 00 00 00 00 00 00 00 00 00 00 00 00 00 00 00 00 00 00 00 00 00 00 00 00 00 00 00 00 00 00 00 00 00 00 00 00 00 00 00 00 00 00 00 00 00 00 00 00 00 00 00 00 00 00 00 00 00
14:00:14.395 设备发送:68 E4 84 00 16 00 0D AB 14 00 01 00 A7 42 00 00 00 00 00 00 00 00 00 00 00 00 00 00 00 00 00 00 00 00 00 00 00 00 00 00 00 00 00 00 00 00 00 00 00 00 00 00 00 00 00 00 00 00 00 00 00 00 00 00 00 00 00 00 00 00 00 00 00 00 00 00 00 00 00 00 00 00 00 00 00 00 00 00 00 00 00 00 00 00 00 00 00 00 00 00 00 00 00 00 00 00 00 00 00 00 00 00 00 00 00 00 00 00 00 00 00 00 00 00 00 00 00 00 00 00 00 00 00 00 00 00 00 00 00 00 00 00 00 00 00 00 00 00 00 00 00 00 00 00 00 00 00 00 00 00 00 00 DC 42 00 00 00 00 00 00 00 00 00 00 00 00 00 00 00 00 00 00 00 00 00 00 00 00 00 00 00 00 00 00 00 00 00 00 00 00 00 00 00 00 00 00 00 00 00 00 00 00 00 00 00 00 00 00 00 00 00 00 00 00 00 00 00 00 00 00
14:00:14.520 设备接收:68 04 01 00 86 00
14:00:14.598 设备发送:68 DA 86 00 16 00 0D A9 14 00 01 00 D2 42 00 00 00 00 00 00 00 00 00 00 00 00 00 00 00 00 00 00 00 00 00 00 00 00 00 00 00 00 00 00 00 00 00 00 00 00 00 00 00 00 00 00 00 00 00 00 00 00 00 00 00 00 00 00 00 00 00 00 00 00 00 00 00 00 00 00 00 00 00 00 00 00 00 00 00 00 00 00 00 00 00 00 00 00 00 00 00 00 00 00 00 00 00 00 00 00 00 00 00 00 00 00 00 00 00 00 00 00 00 00 00 00 00 00 00 00 00 00 00 00 00 00 00 00 00 00 00 00 00 00 00 00 00 00 00 00 00 00 00 00 00 00 00 00 00 00 00 00 00 00 00 00 00 00 00 00 00 00 00 00 00 00 00 00 00 00 00 00 00 00 00 00 00 00 00 00 00 00 00 00 00 00 00 00 00 00 00 00 00 00 00 00 00 00 00 00 00 00 00 00 00 00 00 00 00 00
14:00:14.816 设备发送:68 E4 88 00 16 00 0D AB 14 00 01 00 FB 42 00 00 00 00 00 00 00 00 00 00 00 00 00 00 00 00 00 00 00 00 00 00 00 00 00 00 00 00 00 00 00 00 00 00 00 00 00 00 00 00 00 00 00 00 00 00 00 00 00 00 00 00 00 20 42 00 00 00 00 00 00 00 00 00 00 00 00 00 00 00 00 00 00 00 00 00 00 00 00 00 00 00 00 00 00 00 00 00 00 00 00 00 00 00 00 00 00 00 00 00 00 00 00 00 00 00 00 00 00 00 00 00 00 00 00 00 00 00 00 00 00 00 00 00 00 00 00 00 00 00 00 00 00 00 00 00 00 00 00 00 00 00 00 00 00 00 00 00 00 00 00 00 00 00 00 00 00 00 00 00 00 00 00 00 00 00 00 00 00 00 00 00 00 00 00 00 00 00 00 00 00 00 00 00 00 00 00 00 00 00 00 00 00 00 00 00 00 00 00 00 00 00 00 00 00 00 00 00 00 00 00 00 00 00 00 00
14:00:15.034 设备发送:68 D0 8A 00 16 00 0D A7 14 00 01 00 26 43 00 00 00 00 00 00 00 00 00 00 00 00 00 00 00 00 00 00 00 00 00 00 00 00 00 00 00 00 00 00 00 00 00 00 00 00 00 00 00 00 00 00 00 00 00 00 00 00 00 00 00 00 00 00 00 00 00 00 00 00 00 00 00 00 00 00 00 00 00 00 00 00 00 00 00 00 00 00 00 00 00 00 00 00 00 00 00 00 00 00 00 00 00 00 00 00 00 00 00 00 00 00 00 00 00 00 00 00 00 00 00 00 00 00 00 00 00 00 00 00 00 00 00 00 00 00 00 00 00 00 00 00 00 00 00 00 00 00 00 00 00 00 00 00 00 00 00 00 00 00 00 00 00 00 00 00 00 00 00 00 00 00 00 04 42 00 00 00 00 00 00 00 00 00 00 00 00 00 00 00 00 00 00 00 00 00 00 00 00 00 00 00 00 00 00 00
14:00:15.228 设备发送:68 0E 8C 00 16 00 64 01 0A 00 01 00 00 00 00 14
14:00:15.350 设备接收:68 0E 16 00 8E 00 65 01 06 00 01 00 00 00 00 05
14:00:15.424 设备发送:68 0E 8E 00 18 00 65 01 07 00 01 00 00 00 00 05
14:00:15.550 设备接收:68 04 01 00 8E 00
14:00:15.628 设备发送:68 99 90 00 18 00 CE 9C 25 00 01 00 01 64 00 C2 F5 2B 42 00 52 F9 A3 46 00 C2 59 AB 46 00 85 6F 90 46 00 52 B8 22 42 00 00 E4 DE 46 00 CD 0C 10 43 00 4D CE A2 47 00 66 66 91 43 00 E7 F6 D6 47 00 F6 28 15 43 00 C0 E2 81 47 00 B8 DE 19 43 00 8D 2F BA 47 00 F6 E8 07 43 00 4D 0A AC 47 00 0A D7 12 43 00 40 3E 96 47 00 3D 0A EB 42 00 9A 76 A7 47 00 8F 42 05 43 00 27 E3 BF 47 00 CC CC FA 42 00 B3 FE B0 47 00 52 B8 42 42 00 00 99 EC 46 00 0A D7 14 42 00 33 F7 CE 46 00
14:00:15.833 设备发送:68 0E 92 00 18 00 65 01 0A 00 01 00 00 00 00 05 68 12 94 00 18 00 0D 01 03 00 01 00 7E 41 00 00 80 CC 43 00
14:00:15.955 设备接收:68 04 01 00 96 00
14:00:19.859 设备发送:68 12 96 00 18 00 0D 01 03 00 01 00 7D 41 00 00 00 6C 42 00
14:00:23.188 设备接收:68 04 01 00 98 00
14:00:27.893 设备发送:68 2A 98 00 18 00 0D 04 03 00 01 00 B2 41 00 33 B3 69 43 00 B5 41 00 1E 85 23 42 00 B9 41 00 CC CC E4 41 00 BC 41 00 C2 F5 47 42 00
14:00:31.196 设备接收:68 04 01 00 9A 00
14:00:31.897 设备发送:68 1A 9A 00 18 00 0D 02 03 00 01 00 B3 41 00 CD CC 6A 43 00 B6 41 00 D7 A3 22 42 00
14:00:35.596 设备接收:68 04 01 00 9C 00
14:00:35.894 设备发送:68 1A 9C 00 18 00 0D 02 03 00 01 00 B4 41 00 9A 19 6B 43 00 B7 41 00 52 B8 23 42 00
14:00:39.628 设备接收:68 04 01 00 9E 00
14:00:40.129 设备发送:68 12 9E 00 18 00 01 02 03 00 01 00 F3 00 00 01 F4 00 00 00
14:00:40.335 设备发送:68 20 A0 00 18 00 1E 02 03 00 01 00 F3 00 00 01 53 98 00 0E 0A 01 19 F4 00 00 00 5D 98 00 0E 0A 01 19
14:00:43.619 设备接收:68 04 01 00 A2 00
14:00:44.346 设备发送:68 5A A2 00 18 00 0D 0A 03 00 01 00 86 41 00 67 86 44 44 00 87 41 00 00 00 44 44 00 88 41 00 CD 2C 41 44 00 89 41 00 9A 19 45 44 00 8A 41 00 47 61 9B 42 00 9A 41 00 B8 1E D5 40 00 9B 41 00 0A D7 BB 40 00 9C 41 00 7B 14 4E 40 00 9D 41 00 5C 8F 52 40 00 9E 41 00 00 00 08 42 00
14:00:47.627 设备接收:68 04 01 00 A4 00
14:00:48.375 设备发送:68 5A A4 00 18 00 0D 0A 03 00 01 00 8B 41 00 00 40 42 44 00 8C 41 00 CD CC 40 44 00 8D 41 00 00 20 42 44 00 8E 41 00 33 73 32 44 00 8F 41 00 00 C0 41 44 00 9F 41 00 CC CC 4C 40 00 A0 41 00 AE 47 61 40 00 A1 41 00 AE 47 61 40 00 A2 41 00 52 B8 4E 40 00 A3 41 00 CC CC 4C 40 00
14:00:51.654 设备接收:68 04 01 00 A6 00
14:00:56.390 设备发送:68 12 A6 00 18 00 0D 01 03 00 01 00 BF 41 00 00 80 E5 43 00
14:00:59.716 设备接收:68 04 01 00 A8 00
14:01:00.386 设备发送:68 12 A8 00 18 00 0D 01 03 00 01 00 BE 41 00 00 00 50 42 00
14:01:03.712 设备接收:68 04 01 00 AA 00
14:01:04.418 设备发送:68 1A AA 00 18 00 0D 02 03 00 01 00 FA 41 00 CC CC F6 41 00 FD 41 00 B8 1E 48 42 00
14:01:07.723 设备接收:68 04 01 00 AC 00
14:01:08.414 设备发送:68 1A AC 00 18 00 0D 02 03 00 01 00 F3 41 00 9A 99 69 43 00 F6 41 00 8F C2 2F 42 00
14:01:11.754 设备接收:68 04 01 00 AE 00
14:01:12.428 设备发送:68 1A AE 00 18 00 0D 02 03 00 01 00 F4 41 00 00 80 6A 43 00 F7 41 00 66 66 2F 42 00
14:01:15.948 设备接收:68 04 01 00 B0 00
14:01:16.447 设备发送:68 1A B0 00 18 00 0D 02 03 00 01 00 F5 41 00 CD 4C 6B 43 00 F8 41 00 7B 14 30 42 00
14:01:19.252 设备发送:68 15 B2 00 18 00 1E 01 03 00 01 00 21 01 00 01 08 47 01 0E 0A 01 19
14:01:19.455 设备发送:68 0E B4 00 18 00 01 01 03 00 01 00 22 01 00 00
14:01:19.675 设备发送:68 15 B6 00 18 00 1E 01 03 00 01 00 22 01 00 00 12 47 01 0E 0A 01 19
14:01:20.158 设备接收:68 04 01 00 B6 00
14:01:23.380 设备接收:68 04 01 00 B8 00
14:01:25.089 设备发送:68 5A B8 00 18 00 0D 0A 03 00 01 00 C7 41 00 00 00 44 44 00 C8 41 00 33 D3 40 44 00 C9 41 00 CD CC 42 44 00 CA 41 00 CD 4C 40 44 00 CB 41 00 14 2E 9F 42 00 DB 41 00 8F C2 D5 40 00 DC 41 00 70 3D 5A 40 00 DD 41 00 EB 51 58 40 00 DE 41 00 EB 51 58 40 00 DF 41 00 CD CC 00 42 00
14:01:28.596 设备接收:68 04 01 00 BA 00
14:01:29.093 设备发送:68 5A BA 00 18 00 0D 0A 03 00 01 00 CC 41 00 00 E0 42 44 00 CD 41 00 00 A0 41 44 00 CE 41 00 CD AC 39 44 00 CF 41 00 67 06 2A 44 00 D0 41 00 CD 2C 32 44 00 E0 41 00 1E 85 5B 40 00 E1 41 00 00 00 60 40 00 E2 41 00 1E 85 D3 40 00 E3 41 00 AE 47 A1 40 00 E4 41 00 AE 47 91 40 00
14:01:32.597 设备接收:68 04 01 00 BC 00
14:01:37.130 设备发送:68 12 BC 00 18 00 0D 01 03 00 01 00 00 42 00 00 00 F5 43 00
14:01:40.473 设备接收:68 04 01 00 BE 00
14:01:41.181 设备发送:68 12 BE 00 18 00 0D 01 03 00 01 00 FF 41 00 00 00 84 42 00
14:01:44.482 设备接收:68 04 01 00 C0 00
14:01:45.184 设备发送:68 1A C0 00 18 00 0D 02 03 00 01 00 3B 42 00 5C 8F C2 41 00 3E 42 00 F5 28 48 42 00
14:01:48.707 设备接收:68 04 01 00 C2 00
14:01:49.218 设备发送:68 1A C2 00 18 00 0D 02 03 00 01 00 34 42 00 67 66 69 43 00 37 42 00 85 EB 0A 42 00
14:01:52.708 设备接收:68 04 01 00 C4 00
14:01:53.222 设备发送:68 3A C4 00 18 00 0D 06 03 00 01 00 17 40 00 29 5C B7 42 00 27 40 00 E1 7A A8 42 00 35 42 00 CD 4C 6A 43 00 36 42 00 33 B3 6A 43 00 38 42 00 EB 51 0B 42 00 39 42 00 3D 0A 0C 42 00
14:01:56.522 设备接收:68 04 01 00 C6 00
14:01:57.258 设备发送:68 12 C6 00 18 00 0D 01 03 00 01 00 0B 40 00 A4 70 97 C2 00
14:01:58.833 设备发送:68 12 C8 00 18 00 01 02 03 00 01 00 4F 01 00 01 50 01 00 00
14:01:59.036 设备发送:68 20 CA 00 18 00 1E 02 03 00 01 00 4F 01 00 01 ED E0 01 0E 0A 01 19 50 01 00 00 F6 E0 01 0E 0A 01 19
14:02:00.738 设备接收:68 04 01 00 CC 00
14:02:01.675 设备发送:68 52 CC 00 18 00 0D 09 03 00 01 00 08 42 00 CD EC 54 44 00 09 42 00 67 46 50 44 00 0A 42 00 9A 19 55 44 00 0B 42 00 00 00 01 43 00 0C 42 00 14 2E 9E 42 00 1C 42 00 14 AE AF 40 00 1D 42 00 AE 47 A9 40 00 1E 42 00 A4 70 9D 40 00 20 42 00 CD CC 5A 42 00
14:02:05.380 设备接收:68 04 01 00 CE 00
14:02:05.679 设备发送:68 42 CE 00 18 00 0D 07 03 00 01 00 0D 42 00 00 00 47 44 00 0E 42 00 33 93 47 44 00 0F 42 00 9A 19 00 43 00 10 42 00 9A 19 00 43 00 11 42 00 9A 19 00 43 00 21 42 00 A4 70 A5 40 00 22 42 00 5C 8F A2 40 00
14:02:09.003 设备接收:68 04 01 00 D0 00
14:02:13.730 设备发送:68 12 D0 00 18 00 0D 01 03 00 01 00 41 42 00 00 40 2A 44 00
14:02:17.222 设备接收:68 04 01 00 D2 00
14:02:17.721 设备发送:68 12 D2 00 18 00 0D 01 03 00 01 00 40 42 00 00 00 08 42 00
14:02:21.041 设备接收:68 04 01 00 D4 00
14:02:25.753 设备发送:68 2A D4 00 18 00 0D 04 03 00 01 00 75 42 00 CD 4C 6A 43 00 78 42 00 A4 70 1C 42 00 7C 42 00 14 AE DB 41 00 7F 42 00 F5 28 48 42 00
14:02:29.056 设备接收:68 04 01 00 D6 00
14:02:29.769 设备发送:68 1A D6 00 18 00 0D 02 03 00 01 00 76 42 00 CD CC 69 43 00 79 42 00 5C 8F 1C 42 00
14:02:33.052 设备接收:68 04 01 00 D8 00
14:02:33.771 设备发送:68 1A D8 00 18 00 0D 02 03 00 01 00 77 42 00 CD CC 6B 43 00 7A 42 00 29 5C 1D 42 00
14:02:37.075 设备接收:68 04 01 00 DA 00
14:02:37.995 设备发送:68 12 DA 00 18 00 01 02 03 00 01 00 7D 01 00 01 7E 01 00 00
14:02:38.200 设备发送:68 20 DC 00 18 00 1E 02 03 00 01 00 7D 01 00 01 95 8F 02 0E 0A 01 19 7E 01 00 00 9F 8F 02 0E 0A 01 19
14:02:41.693 设备接收:68 04 01 00 DE 00
14:02:42.202 设备发送:68 5A DE 00 18 00 0D 0A 03 00 01 00 49 42 00 CD CC 44 44 00 4A 42 00 33 33 43 44 00 4B 42 00 67 26 47 44 00 4C 42 00 67 26 48 44 00 4D 42 00 EB D1 9F 42 00 5D 42 00 F6 28 AC 40 00 5E 42 00 14 AE B7 40 00 5F 42 00 66 66 A6 40 00 60 42 00 0A D7 23 40 00 61 42 00 9A 99 4B 42 00
14:02:45.517 设备接收:68 04 01 00 E0 00
14:02:46.226 设备发送:68 4A E0 00 18 00 0D 08 03 00 01 00 4E 42 00 67 46 46 44 00 4F 42 00 67 C6 48 44 00 50 42 00 67 26 44 44 00 51 42 00 CD CC 0A 43 00 52 42 00 CD 4C 0B 43 00 62 42 00 A4 70 A5 40 00 63 42 00 33 33 A3 40 00 64 42 00 3D 0A 27 40 00
14:02:49.541 设备接收:68 04 01 00 E2 00
14:02:54.266 设备发送:68 12 E2 00 18 00 0D 01 03 00 01 00 82 42 00 00 00 0E 44 00
14:02:57.573 设备接收:68 04 01 00 E4 00
14:02:58.274 设备发送:68 12 E4 00 18 00 0D 01 03 00 01 00 81 42 00 00 00 14 42 00
14:03:02.172 设备接收:68 04 01 00 E6 00
14:03:02.299 设备发送:68 22 E6 00 18 00 0D 03 03 00 01 00 37 40 00 66 66 86 42 00 BD 42 00 F5 28 CE 41 00 C0 42 00 7B 14 48 42 00
14:03:05.588 设备接收:68 04 01 00 E8 00
14:03:06.306 设备发送:68 1A E8 00 18 00 0D 02 03 00 01 00 B6 42 00 67 E6 69 43 00 B9 42 00 99 99 13 42 00
14:03:09.598 设备接收:68 04 01 00 EA 00
14:03:10.333 设备发送:68 1A EA 00 18 00 0D 02 03 00 01 00 B7 42 00 CD CC 6A 43 00 BA 42 00 85 EB 12 42 00
14:03:13.660 设备接收:68 04 01 00 EC 00
14:03:14.334 设备发送:68 1A EC 00 18 00 0D 02 03 00 01 00 B8 42 00 00 80 6B 43 00 BB 42 00 AE 47 14 42 00
14:03:17.356 设备发送:68 12 EE 00 18 00 01 02 03 00 01 00 AB 01 00 01 AC 01 00 00
14:03:17.576 设备发送:68 20 F0 00 18 00 1E 02 03 00 01 00 AB 01 00 01 1A 3F 03 0E 0A 01 19 AC 01 00 00 25 3F 03 0E 0A 01 19
14:03:17.651 设备接收:68 04 01 00 F0 00
14:03:20.855 设备接收:68 04 01 00 F2 00
14:03:22.784 设备发送:68 5A F2 00 18 00 0D 0A 03 00 01 00 8A 42 00 33 F3 45 44 00 8B 42 00 CD CC 47 44 00 8C 42 00 00 A0 46 44 00 8D 42 00 CD CC 46 44 00 8E 42 00 0A 57 9F 42 00 9E 42 00 AE 47 B1 40 00 9F 42 00 33 33 AB 40 00 A0 42 00 8F C2 A5 40 00 A1 42 00 D7 A3 A8 40 00 A2 42 00 67 66 5C 42 00
14:03:26.077 设备接收:68 04 01 00 F4 00
14:03:26.808 设备发送:68 4A F4 00 18 00 0D 08 03 00 01 00 8F 42 00 33 13 47 44 00 90 42 00 00 40 46 44 00 91 42 00 67 E6 02 43 00 92 42 00 9A 99 04 43 00 93 42 00 33 33 04 43 00 94 42 00 00 00 80 3F 00 A3 42 00 A4 70 A5 40 00 A4 42 00 33 33 33 40 00
14:03:30.083 设备接收:68 04 01 00 F6 00
14:03:34.830 设备发送:68 12 F6 00 18 00 0D 01 03 00 01 00 C3 42 00 00 40 3B 44 00
14:03:36.549 设备接收:68 0C 18 00 F8 00 C9 01 06 00 01 00 00 00
14:03:36.625 设备发送:68 18 F8 00 1A 00 C9 01 07 00 01 00 00 00 00 00 00 00 00 01 00 00 00 00 00 00
14:03:38.122 设备接收:68 04 01 00 FA 00
14:03:38.855 设备发送:68 12 FA 00 1A 00 0D 01 03 00 01 00 C2 42 00 00 00 5C 42 00
14:03:42.346 设备接收:68 04 01 00 FC 00
14:03:42.879 设备发送:68 1A FC 00 1A 00 0D 02 03 00 01 00 FE 42 00 EB 51 20 41 00 01 43 00 00 00 48 42 00
14:03:46.161 设备接收:68 04 01 00 FE 00
14:03:46.860 设备发送:68 1A FE 00 1A 00 0D 02 03 00 01 00 F7 42 00 67 E6 6B 43 00 FA 42 00 66 66 62 41 00
14:03:50.202 设备接收:68 04 01 00 00 01
14:03:50.888 设备发送:68 2A 00 01 1A 00 0D 04 03 00 01 00 F8 42 00 00 80 6B 43 00 F9 42 00 67 E6 6B 43 00 FB 42 00 1E 85 63 41 00 FC 42 00 C2 F5 60 41 00
14:03:51.790 设备接收:68 0E 1A 00 02 01 C8 01 06 00 01 00 00 00 01 00
14:03:51.906 设备发送:68 0F 02 01 1C 00 C8 01 2F 00 01 00 00 00 01 00 01
14:03:54.177 设备接收:68 04 01 00 04 01 68 0C 1C 00 04 01 CA 00 06 00 01 00 01 00
14:03:54.511 设备发送:68 0C 04 01 1E 00 CA 00 07 00 01 00 00 00

