
13:43:15.363 设备发送:68 1A DA 03 54 49 0D 02 03 00 01 00 0B 40 00 33 33 9D C2 00 FB 40 00 00 00 24 42 00
13:43:18.678 设备接收:68 04 01 00 DC 03
13:43:19.395 设备发送:68 12 DC 03 54 49 0D 01 03 00 01 00 27 40 00 8F C2 B3 42 00
13:43:23.108 设备接收:68 04 01 00 DE 03
13:43:32.924 设备发送:68 04 83 00 00 00
13:43:32.939 设备接收:68 04 43 00 00 00
13:43:39.448 设备发送:68 32 DE 03 54 49 0D 05 03 00 01 00 04 41 00 9A 19 51 44 00 05 41 00 9A D9 50 44 00 06 41 00 CD 0C 48 44 00 07 41 00 33 F3 40 44 00 1C 41 00 67 66 8C 42 00
13:43:42.787 设备接收:68 04 01 00 E0 03
13:43:43.505 设备发送:68 12 E0 03 54 49 0D 01 03 00 01 00 09 41 00 00 E0 42 44 00
13:43:46.807 设备接收:68 04 01 00 E2 03
13:43:53.803 设备接收:68 0C 54 49 E2 03 C9 01 06 00 00 00 00 00
13:43:55.533 设备发送:68 12 E2 03 56 49 0D 01 03 00 01 00 3C 41 00 00 00 14 42 00
13:43:58.852 设备接收:68 04 01 00 E4 03
13:44:09.085 设备接收:68 04 43 00 00 00
13:44:09.101 设备发送:68 04 83 00 00 00
13:44:15.634 设备发送:68 12 E4 03 56 49 0D 01 03 00 01 00 0B 40 00 99 99 9F C2 00
13:44:18.921 设备接收:68 04 01 00 E6 03
13:44:19.643 设备发送:68 3A E6 03 56 49 0D 06 03 00 01 00 37 40 00 00 00 90 42 00 48 41 00 00 A0 43 44 00 4A 41 00 9A 19 43 44 00 4B 41 00 00 C0 3F 44 00 4C 41 00 33 F3 30 44 00 4E 41 00 CD AC 42 44 00
13:44:23.358 设备接收:68 04 01 00 E8 03
13:44:31.687 设备发送:68 12 E8 03 56 49 0D 01 03 00 01 00 7D 41 00 00 00 64 42 00
13:44:35.004 设备接收:68 04 01 00 EA 03
13:44:45.234 设备发送:68 04 83 00 00 00
13:44:45.280 设备接收:68 04 43 00 00 00
13:44:55.686 设备接收:68 04 43 00 00 00
13:44:55.702 设备发送:68 04 83 00 00 00
13:44:55.812 设备发送:68 1A EA 03 56 49 0D 02 03 00 01 00 88 41 00 67 46 3F 44 00 89 41 00 CD 0C 41 44 00
13:44:59.103 设备接收:68 04 01 00 EC 03
13:44:59.840 设备发送:68 22 EC 03 56 49 0D 03 03 00 01 00 8C 41 00 9A B9 44 44 00 8D 41 00 67 26 42 44 00 8F 41 00 00 C0 41 44 00
13:45:03.124 设备接收:68 04 01 00 EE 03
13:45:13.385 设备发送:68 04 83 00 00 00
13:45:13.397 设备接收:68 04 43 00 00 00
13:45:19.904 设备发送:68 12 EE 03 56 49 0D 01 03 00 01 00 F6 41 00 3D 0A 37 42 00
13:45:23.187 设备接收:68 04 01 00 F0 03
13:45:23.889 设备发送:68 12 F0 03 56 49 0D 01 03 00 01 00 F7 41 00 33 33 37 42 00
13:45:27.230 设备接收:68 04 01 00 F2 03
13:45:27.900 设备发送:68 12 F2 03 56 49 0D 01 03 00 01 00 F8 41 00 E1 7A 37 42 00
13:45:31.235 设备接收:68 04 01 00 F4 03
13:45:35.951 设备发送:68 1A F4 03 56 49 0D 02 03 00 01 00 0B 40 00 33 33 9D C2 00 C7 41 00 67 06 45 44 00
13:45:39.477 设备接收:68 04 01 00 F6 03
13:45:39.987 设备发送:68 2A F6 03 56 49 0D 04 03 00 01 00 CC 41 00 9A D9 44 44 00 CD 41 00 33 B3 41 44 00 CE 41 00 9A 99 38 44 00 CF 41 00 33 F3 2A 44 00
13:45:43.279 设备接收:68 04 01 00 F8 03
13:45:43.978 设备发送:68 12 F8 03 56 49 0D 01 03 00 01 00 17 40 00 C2 F5 C0 42 00
13:45:47.307 设备接收:68 04 01 00 FA 03
13:45:52.025 设备发送:68 12 FA 03 56 49 0D 01 03 00 01 00 FF 41 00 00 00 64 42 00
13:45:55.344 设备接收:68 04 01 00 FC 03
13:46:05.570 设备发送:68 04 83 00 00 00
13:46:05.586 设备接收:68 04 43 00 00 00
13:46:08.087 设备发送:68 12 FC 03 56 49 0D 01 03 00 01 00 27 40 00 99 99 B1 42 00
13:46:11.424 设备接收:68 04 01 00 FE 03
13:46:20.159 设备发送:68 32 FE 03 56 49 0D 05 03 00 01 00 09 42 00 CD 4C 52 44 00 0A 42 00 9A 99 4F 44 00 0C 42 00 CD 4C 9E 42 00 0D 42 00 9A F9 47 44 00 0E 42 00 CD 8C 49 44 00
13:46:23.464 设备接收:68 04 01 00 00 04
13:46:32.197 设备发送:68 12 00 04 56 49 0D 01 03 00 01 00 40 42 00 00 00 08 42 00
13:46:35.494 设备接收:68 04 01 00 02 04
13:46:44.261 设备发送:68 1A 02 04 56 49 0D 02 03 00 01 00 78 42 00 D7 A3 25 42 00 79 42 00 1E 85 25 42 00
13:46:47.545 设备接收:68 04 01 00 04 04
13:46:48.248 设备发送:68 12 04 04 56 49 0D 01 03 00 01 00 7A 42 00 A4 70 26 42 00
13:46:51.777 设备接收:68 04 01 00 06 04
13:46:56.317 设备发送:68 22 06 04 56 49 0D 03 03 00 01 00 49 42 00 CD CC 42 44 00 4C 42 00 67 26 46 44 00 61 42 00 9A 99 57 42 00
13:46:59.599 设备接收:68 04 01 00 08 04
13:47:00.315 设备发送:68 22 08 04 56 49 0D 03 03 00 01 00 4E 42 00 00 40 47 44 00 4F 42 00 CD CC 48 44 00 50 42 00 33 33 44 44 00
13:47:03.620 设备接收:68 04 01 00 0A 04

