
15:38:23.625 设备接收:68 04 07 00 00 00
15:38:24.076 设备发送:68 04 0B 00 00 00
15:38:24.235 设备发送:68 0E 00 00 00 00 46 01 04 00 01 00 00 00 00 00 68 22 02 00 00 00 01 06 03 00 01 00 01 00 00 01 07 00 00 01 08 00 00 01 09 00 00 01 0D 00 00 01 0E 00 00 00
15:38:24.407 设备发送:68 4C 04 00 00 00 1E 06 03 00 01 00 01 00 00 01 D0 80 25 0F 0A 01 19 07 00 00 01 E7 80 25 0F 0A 01 19 08 00 00 01 F6 80 25 0F 0A 01 19 09 00 00 01 21 85 25 0F 0A 01 19 0D 00 00 01 5C B8 25 0F 0A 01 19 0E 00 00 00 6B B8 25 0F 0A 01 19
15:38:25.731 设备接收:68 0E 00 00 00 00 64 01 06 00 01 00 00 00 00 14
15:38:25.793 设备发送:68 0E 06 00 02 00 64 01 07 00 01 00 00 00 00 14
15:38:26.106 设备发送:68 8C 08 00 02 00 01 FF 14 00 01 00 01 00 00 01 00 00 00 00 00 01 01 01 00 00 00 01 00 00 00 00 00 00 00 00 00 00 00 00 00 00 00 00 00 00 00 00 00 00 00 00 00 00 00 00 00 00 00 00 00 00 00 00 00 00 00 00 00 00 00 00 00 00 01 00 00 00 00 00 00 00 00 00 00 00 00 00 00 00 00 00 00 00 00 00 00 00 00 00 00 00 00 00 00 00 00 00 00 00 00 00 00 00 00 00 00 00 00 00 01 00 00 00 00 00 00 00 00 00 00 00 00 00 00 00 00 00 00 00 00 00
15:38:26.402 设备发送:68 8C 0A 00 02 00 01 FF 14 00 01 00 80 00 00 00 00 00 00 00 00 00 00 00 00 00 00 00 00 00 00 00 00 00 00 00 00 00 00 01 00 00 00 00 00 00 00 00 00 00 00 00 00 00 00 00 00 00 00 00 00 00 00 00 00 00 00 00 00 00 00 00 00 00 00 00 00 00 00 00 00 00 00 00 00 01 00 00 00 00 00 00 00 00 00 00 00 00 00 00 00 00 00 00 00 00 00 00 00 00 00 00 00 00 00 00 00 00 00 00 00 00 00 00 00 00 00 00 00 00 00 01 00 00 00 00 00 00 00 00 00 00
15:38:26.760 设备发送:68 8C 0C 00 02 00 01 FF 14 00 01 00 FF 00 00 00 00 00 00 00 00 00 00 00 00 00 00 00 00 00 00 00 00 00 00 00 00 00 00 00 00 00 00 00 00 00 00 00 00 00 01 00 00 00 00 00 00 00 00 00 00 00 00 00 00 00 00 00 00 00 00 00 00 00 00 00 00 00 00 00 00 00 00 00 00 00 00 00 00 00 00 00 00 00 00 00 01 00 00 00 00 00 00 00 00 00 00 00 00 00 00 00 00 00 00 00 00 00 00 00 00 00 00 00 00 00 00 00 00 00 00 00 00 00 00 00 00 00 00 00 00 00
15:38:27.056 设备发送:68 8C 0E 00 02 00 01 FF 14 00 01 00 7E 01 00 01 00 00 00 00 00 00 00 00 00 00 00 00 00 00 00 00 00 00 00 00 00 00 00 00 00 00 00 00 00 00 00 00 00 00 00 00 00 00 00 00 00 00 00 00 00 01 00 00 00 00 00 00 00 00 00 00 00 00 00 00 00 00 00 00 00 00 00 00 00 00 00 00 00 00 00 00 00 00 00 00 00 00 00 00 00 00 00 00 00 00 00 01 00 00 00 00 00 00 00 00 00 00 00 00 00 00 00 00 00 00 00 00 00 00 00 00 00 00 00 00 00 00 00 00 00 00
15:38:27.366 设备发送:68 42 10 00 02 00 01 B5 14 00 01 00 FD 01 00 00 00 00 00 00 00 00 00 00 00 00 01 00 00 00 00 00 00 00 00 00 00 00 00 00 00 00 00 00 00 00 00 00 00 00 00 00 00 00 00 00 00 00 00 00 00 00 00 00 00 00 00 00
15:38:27.644 设备发送:68 E4 12 00 02 00 0D AB 14 00 01 00 01 40 00 00 80 6A 43 00 33 33 6A 43 00 00 00 6B 43 00 00 00 00 00 00 00 00 00 00 00 CD CC EC 40 00 47 E1 AA C1 00 8F C2 F5 BD 00 3D 0A 27 C1 00 47 E1 2A C1 00 3D 0A 0F C2 00 00 00 00 00 00 3D 0A 8F C1 00 C2 F5 90 C1 00 5D 8F 02 BF 00 0A D7 47 42 00 00 00 6A 43 00 67 66 6A 43 00 67 66 6A 43 00 00 00 00 00 00 9A 99 99 40 00 9A 99 99 40 00 AE 47 21 42 00 3D 0A 57 41 00 3D 0A 57 41 00 3D 0A 57 41 00 8F C2 75 BE 00 00 00 00 00 00 8F C2 75 BE 00 00 00 00 00 00 00 00 80 3F 00 0A D7 47 42 00 CD 4C 69 43 00 9A 19 6A 43 00 9A 19 6B 43 00 00 00 00 00 00 9A 99 89 40 00 CD CC 8C 40 00 00 00 10 42 00 7B 14 3E 41 00 00 00 40 41 00 7B 14 3E 41 00 00 00 00 00 00
15:38:27.753 设备接收:68 04 01 00 08 00 68 04 01 00 10 00
15:38:27.997 设备发送:68 E4 14 00 02 00 0D AB 14 00 01 00 2C 40 00 00 00 00 00 00 8F C2 F5 BD 00 00 00 00 00 00 00 00 80 3F 00 0A D7 47 42 00 67 66 68 43 00 00 00 6A 43 00 67 E6 6A 43 00 00 00 00 00 00 33 33 53 40 00 33 33 53 40 00 8F C2 DD 41 00 0A D7 13 41 00 85 EB 11 41 00 85 EB 11 41 00 EB 51 38 BF 00 8F C2 F5 BD 00 EB 51 B8 BE 00 8F C2 F5 BD 00 00 00 80 3F 00 0A D7 47 42 00 9A 99 B6 42 00 00 00 B7 42 00 CD 2C 32 44 00 9A 99 B5 42 00 D7 A3 10 41 00 67 A6 3B 44 00 67 66 B2 42 00 67 66 B4 42 00 00 00 B4 42 00 CD CC B4 42 00 CD CC 4C 3E 00 CD CC 4C 3E 00 00 00 00 00 00 00 00 00 00 00 00 00 00 00 00 00 00 00 00 00 00 00 00 00 00 00 00 00 00 00 00 00 00 00 00 00 00 00 00 00 00 00 00 00 00 00 00 00 00 00
15:38:28.254 设备发送:68 DA 16 00 02 00 0D A9 14 00 01 00 57 40 00 14 AE AF 40 00 00 00 00 00 00 00 00 00 00 00 C2 F5 90 40 00 00 00 00 00 00 00 00 00 00 00 0A D7 A3 3C 00 00 00 00 00 00 00 00 00 00 00 00 00 00 00 00 00 00 00 00 00 00 00 00 00 00 00 00 00 00 00 00 00 00 00 00 00 00 00 00 00 00 00 00 00 00 00 00 00 00 00 00 00 00 00 00 00 00 00 00 00 00 00 00 00 00 00 00 00 00 00 00 00 00 00 00 67 66 69 43 00 9A 19 69 43 00 67 E6 69 43 00 33 33 1F 41 00 B8 1E 21 41 00 F6 28 24 41 00 00 00 00 00 00 7B 14 D6 40 00 0A D7 23 BC 00 00 00 00 00 00 0A D7 47 42 00 00 00 00 00 00 00 00 54 42 00 00 00 3D 44 00 00 00 DC 42 00 00 00 00 00 00 00 00 00 00 00 00 00 00 00 00 00 00 00 00 00
15:38:28.487 设备发送:68 12 18 00 02 00 01 02 03 00 01 00 3B 00 00 01 3C 00 00 00
15:38:28.690 设备发送:68 20 1A 00 02 00 1E 02 03 00 01 00 3B 00 00 01 45 68 26 0F 0A 01 19 3C 00 00 00 51 68 26 0F 0A 01 19
15:38:28.972 设备发送:68 E4 1C 00 02 00 0D AB 14 00 01 00 80 40 00 00 00 00 00 00 00 00 00 00 00 00 00 00 00 00 00 00 00 00 00 00 00 00 00 00 00 00 00 00 00 00 00 00 00 00 00 00 00 00 00 00 00 00 00 00 00 00 00 00 00 00 00 00 00 00 00 00 00 00 00 00 00 00 00 00 00 00 00 00 00 00 00 00 00 00 00 00 00 00 00 00 00 00 00 00 00 00 00 00 00 00 00 00 00 00 00 00 00 00 00 00 00 00 00 00 00 00 00 00 00 00 00 00 00 00 00 00 00 00 00 00 00 00 00 00 00 00 00 00 00 00 00 00 00 00 00 00 00 00 00 00 00 00 00 00 00 00 00 00 00 00 00 00 00 00 00 00 00 00 00 00 00 00 00 00 00 00 00 00 00 00 00 00 00 00 00 00 00 00 00 00 00 00 00 00 00 00 00 00 00 00 00 00 00 00 00 00 00 00 00 00 00 00 00 00 00 00 00 00 00 00 00 00 00 00
15:38:29.238 设备发送:68 E4 1E 00 02 00 0D AB 14 00 01 00 AB 40 00 00 00 00 00 00 00 00 00 00 00 00 00 00 00 00 67 66 6A 43 00 33 B3 69 43 00 CD CC 6A 43 00 B8 1E E3 41 00 66 66 E4 41 00 B8 1E E5 41 00 00 00 00 00 00 AE 47 9F 41 00 5C 8F 42 BE 00 00 00 00 00 00 0A D7 47 42 00 00 00 00 00 00 00 00 00 00 00 00 00 00 00 00 00 00 DC 42 00 00 00 00 00 00 00 00 00 00 00 00 00 00 00 00 00 00 00 00 00 00 00 00 00 00 00 00 00 00 00 00 00 00 00 00 00 00 00 00 00 00 00 00 00 00 00 00 00 00 00 00 00 00 00 00 00 00 00 00 00 00 00 00 00 00 00 00 00 00 00 00 00 00 00 00 00 00 00 00 00 00 00 00 00 00 00 00 00 00 00 00 00 00 00 00 00 00 00 00 00 00 00 00 00 00 00 00 00 00 00 00 00 00 00 00 00 00 00 00 00 00 00 00 00 00
15:38:29.581 设备发送:68 DA 20 00 02 00 0D A9 14 00 01 00 D6 40 00 00 00 00 00 00 00 00 00 00 00 00 00 00 00 00 00 00 00 00 00 00 00 00 00 00 00 00 00 00 00 00 00 00 00 00 00 00 00 00 00 00 00 00 00 00 00 00 00 00 00 00 00 00 00 00 00 00 00 00 00 00 00 00 00 00 00 00 00 00 00 00 00 00 00 00 00 00 00 00 00 00 00 00 00 00 00 00 00 00 00 00 00 00 00 00 00 00 00 00 00 00 00 00 00 00 00 00 00 00 00 00 00 00 00 00 00 00 00 00 00 00 00 00 00 00 00 00 00 00 00 00 00 00 00 00 00 00 00 00 00 00 00 00 00 00 00 00 00 00 00 00 00 00 00 00 00 00 00 00 00 00 00 00 00 00 00 00 00 00 00 00 00 00 00 00 00 00 00 00 00 00 00 00 00 00 00 00 00 00 00 00 00 00 00 00 00 00 DC 42 00 00 00 00 00 00
15:38:29.845 设备发送:68 E4 22 00 02 00 0D AB 14 00 01 00 FF 40 00 00 00 00 00 00 00 00 00 00 00 00 00 00 00 00 00 00 00 00 00 00 00 00 00 00 00 00 00 00 00 00 00 00 00 00 00 00 00 00 00 00 00 00 00 00 00 00 00 00 00 00 00 00 00 00 00 00 00 00 00 00 00 00 00 00 00 00 00 00 00 00 00 00 00 00 00 00 00 00 00 00 00 00 00 00 00 00 00 00 00 00 00 00 00 00 00 00 00 00 00 00 00 00 00 00 00 00 00 00 00 00 00 00 00 00 00 00 00 00 00 00 00 00 00 00 00 00 00 00 00 00 00 00 00 00 00 00 00 00 00 00 00 00 00 00 00 00 00 00 00 00 00 00 00 00 00 00 00 00 00 00 00 00 00 00 00 00 00 00 00 00 00 00 00 00 00 00 00 00 00 00 00 00 00 00 00 00 00 00 00 00 00 00 00 00 00 00 00 00 00 00 00 00 00 00 00 00 00 00 00 00 00 00 00 00
15:38:30.159 设备发送:68 E4 24 00 02 00 0D AB 14 00 01 00 2A 41 00 00 00 00 00 00 00 00 00 00 00 00 00 00 00 00 00 00 00 00 00 00 00 00 00 00 00 00 00 00 00 00 00 00 00 00 00 00 00 00 00 00 00 00 00 00 00 00 00 00 00 00 00 00 00 00 00 00 00 00 00 00 00 00 00 00 00 00 00 00 00 00 00 00 00 00 00 00 00 00 00 00 00 00 00 00 00 00 00 00 00 00 00 00 00 00 00 00 00 00 00 00 00 DC 42 00 00 00 00 00 00 00 00 00 00 00 00 00 00 00 00 00 00 00 00 00 00 00 00 00 00 00 00 00 00 00 00 00 00 00 00 00 00 00 00 00 00 00 00 00 00 00 00 00 00 00 00 00 00 00 00 00 00 00 00 00 00 00 00 00 00 00 00 00 00 00 00 00 00 00 00 00 00 00 00 00 00 00 00 00 00 00 00 00 00 00 00 00 00 00 00 00 00 00 00 00 00 00 00 00 00 00 00 00 00 00
15:38:30.785 设备发送:68 DA 26 00 02 00 0D A9 14 00 01 00 55 41 00 00 00 00 00 00 00 00 00 00 00 00 00 00 00 00 00 00 00 00 00 00 00 00 00 00 00 00 00 00 00 00 00 00 00 00 00 00 00 00 00 00 00 00 00 00 00 00 00 00 00 00 00 00 00 00 00 00 00 00 00 00 00 00 00 00 00 00 00 00 00 00 00 00 00 00 00 00 00 00 00 00 00 00 00 00 00 00 00 00 00 00 00 00 00 00 00 00 00 00 00 00 00 00 00 00 00 00 00 00 00 00 00 00 00 00 00 00 00 00 00 00 00 00 00 00 00 00 00 00 00 00 00 00 00 00 00 00 00 00 00 00 00 00 00 00 00 00 00 00 00 00 00 00 00 00 00 00 00 00 00 00 00 00 00 00 00 00 00 00 00 00 00 00 00 00 00 00 00 00 00 00 00 00 00 00 00 00 00 00 00 00 00 00 00 00 00 00 00 00 00 00 00 00 00 00
15:38:31.688 设备接收:68 04 01 00 1A 00 68 04 01 00 22 00
15:38:31.892 设备发送:68 E4 28 00 02 00 0D AB 14 00 01 00 7E 41 00 00 00 00 00 00 00 00 DC 42 00 00 00 00 00 00 00 00 00 00 00 00 00 00 00 00 00 00 00 00 00 00 00 00 00 00 00 00 00 00 00 00 00 00 00 00 00 00 00 00 00 00 00 00 00 00 00 00 00 00 00 00 00 00 00 00 00 00 00 00 00 00 00 00 00 00 00 00 00 00 00 00 00 00 00 00 00 00 00 00 00 00 00 00 00 00 00 00 00 00 00 00 00 00 00 00 00 00 00 00 00 00 00 00 00 00 00 00 00 00 00 00 00 00 00 00 00 00 00 00 00 00 00 00 00 00 00 00 00 00 00 00 00 00 00 00 00 00 00 00 00 00 00 00 00 00 00 00 00 00 00 00 00 00 00 00 00 00 00 00 00 00 00 00 00 00 00 00 00 00 00 00 00 00 00 00 00 00 00 00 00 00 00 00 00 00 00 00 00 00 00 00 00 00 00 00 00 00 00 00 00 00 00 00 00 00
15:38:32.238 设备发送:68 E4 2A 00 02 00 0D AB 14 00 01 00 A9 41 00 00 00 00 00 00 00 00 00 00 00 00 00 00 00 00 00 00 00 00 00 00 00 00 00 00 00 00 00 00 00 00 00 00 00 00 00 00 00 00 00 00 00 00 00 00 00 00 00 00 00 00 00 00 00 00 00 00 00 00 00 00 00 00 00 00 00 00 00 00 00 00 00 00 00 00 00 00 00 00 00 00 00 00 00 00 00 00 00 00 00 00 00 00 00 00 00 00 00 00 00 00 00 00 00 00 00 00 00 00 00 00 00 00 00 00 00 00 DC 42 00 00 00 00 00 00 00 00 00 00 00 00 00 00 00 00 00 00 00 00 00 00 00 00 00 00 00 00 00 00 00 00 00 00 00 00 00 00 00 00 00 00 00 00 00 00 00 00 00 00 00 00 00 00 00 00 00 00 00 00 00 00 00 00 00 00 00 00 00 00 00 00 00 00 00 00 00 00 00 00 00 00 00 00 00 00 00 00 00 00 00 00 00 00 00 00
15:38:32.533 设备发送:68 DA 2C 00 02 00 0D A9 14 00 01 00 D4 41 00 00 00 00 00 00 00 00 00 00 00 00 00 00 00 00 00 00 00 00 00 00 00 00 00 00 00 00 00 00 00 00 00 00 00 00 00 00 00 00 00 00 00 00 00 00 00 00 00 00 00 00 00 00 00 00 00 00 00 00 00 00 00 00 00 00 00 00 00 00 00 00 00 00 00 00 00 00 00 00 00 00 00 00 00 00 00 00 00 00 00 00 00 00 00 00 00 00 00 00 00 00 00 00 00 00 00 00 00 00 00 00 00 00 00 00 00 00 00 00 00 00 00 00 00 00 00 00 00 00 00 00 00 00 00 00 00 00 00 00 00 00 00 00 00 00 00 00 00 00 00 00 00 00 00 00 00 00 00 00 00 00 00 00 00 00 00 00 00 00 00 00 00 00 00 00 00 00 00 00 00 00 00 00 00 00 00 00 00 00 00 00 00 00 00 00 00 00 00 00 00 00 00 00 00 00
15:38:32.877 设备发送:68 E4 2E 00 02 00 0D AB 14 00 01 00 FD 41 00 00 00 00 00 00 00 00 00 00 00 00 00 00 00 00 00 00 00 00 00 00 00 DC 42 00 00 00 00 00 00 00 00 00 00 00 00 00 00 00 00 00 00 00 00 00 00 00 00 00 00 00 00 00 00 00 00 00 00 00 00 00 00 00 00 00 00 00 00 00 00 00 00 00 00 00 00 00 00 00 00 00 00 00 00 00 00 00 00 00 00 00 00 00 00 00 00 00 00 00 00 00 00 00 00 00 00 00 00 00 00 00 00 00 00 00 00 00 00 00 00 00 00 00 00 00 00 00 00 00 00 00 00 00 00 00 00 00 00 00 00 00 00 00 00 00 00 00 00 00 00 00 00 00 00 00 00 00 00 00 00 00 00 00 00 00 00 00 00 00 00 00 00 00 00 00 00 00 00 00 00 00 00 00 00 00 00 00 00 00 00 00 00 00 00 00 00 00 00 00 00 00 00 00 00 00 00 00 00 00 00 00 00 00 00 00
15:38:32.973 设备接收:68 04 01 00 2C 00
15:38:33.170 设备发送:68 E4 30 00 02 00 0D AB 14 00 01 00 28 42 00 00 00 00 00 00 00 00 00 00 00 00 00 00 00 00 00 00 00 00 00 00 00 00 00 00 00 00 00 00 00 00 00 00 00 00 00 00 00 00 00 00 00 00 00 00 00 00 00 00 00 00 00 00 00 00 00 00 00 00 00 00 00 00 00 00 00 00 00 00 00 00 00 00 00 00 00 00 00 00 00 00 00 00 00 00 00 00 00 00 00 00 00 00 00 00 00 00 00 00 00 00 00 00 00 00 00 00 00 00 00 00 00 00 00 00 00 00 00 00 00 00 00 00 00 00 00 00 00 00 00 00 00 DC 42 00 00 00 00 00 00 00 00 00 00 00 00 00 00 00 00 00 00 00 00 00 00 00 00 00 00 00 00 00 00 00 00 00 00 00 00 00 00 00 00 00 00 00 00 00 00 00 00 00 00 00 00 00 00 00 00 00 00 00 00 00 00 00 00 00 00 00 00 00 00 00 00 00 00 00 00 00 00 00 00 00
15:38:33.514 设备发送:68 DA 32 00 02 00 0D A9 14 00 01 00 53 42 00 00 00 00 00 00 00 00 00 00 00 00 00 00 00 00 00 00 00 00 00 00 00 00 00 00 00 00 00 00 00 00 00 00 00 00 00 00 00 00 00 00 00 00 00 00 00 00 00 00 00 00 00 00 00 00 00 00 00 00 00 00 00 00 00 00 00 00 00 00 00 00 00 00 00 00 00 00 00 00 00 00 00 00 00 00 00 00 00 00 00 00 00 00 00 00 00 00 00 00 00 00 00 00 00 00 00 00 00 00 00 00 00 00 00 00 00 00 00 00 00 00 00 00 00 00 00 00 00 00 00 00 00 00 00 00 00 00 00 00 00 00 00 00 00 00 00 00 00 00 00 00 00 00 00 00 00 00 00 00 00 00 00 00 00 00 00 00 00 00 00 00 00 00 00 00 00 00 00 00 00 00 00 00 00 00 00 00 00 00 00 00 00 00 00 00 00 00 00 00 00 00 00 00 00 00
15:38:33.623 设备接收:68 04 01 00 34 00
15:38:33.795 设备发送:68 E4 34 00 02 00 0D AB 14 00 01 00 7C 42 00 00 00 00 00 00 00 00 00 00 00 00 00 00 00 00 00 00 00 00 00 00 00 00 00 00 00 00 00 00 00 00 00 00 00 00 00 00 DC 42 00 00 00 00 00 00 00 00 00 00 00 00 00 00 00 00 00 00 00 00 00 00 00 00 00 00 00 00 00 00 00 00 00 00 00 00 00 00 00 00 00 00 00 00 00 00 00 00 00 00 00 00 00 00 00 00 00 00 00 00 00 00 00 00 00 00 00 00 00 00 00 00 00 00 00 00 00 00 00 00 00 00 00 00 00 00 00 00 00 00 00 00 00 00 00 00 00 00 00 00 00 00 00 00 00 00 00 00 00 00 00 00 00 00 00 00 00 00 00 00 00 00 00 00 00 00 00 00 00 00 00 00 00 00 00 00 00 00 00 00 00 00 00 00 00 00 00 00 00 00 00 00 00 00 00 00 00 00 00 00 00 00 00 00 00 00 00 00 00 00 00 00 00 00 00 00
15:38:34.076 设备发送:68 E4 36 00 02 00 0D AB 14 00 01 00 A7 42 00 00 00 00 00 00 00 00 00 00 00 00 00 00 00 00 00 00 00 00 00 00 00 00 00 00 00 00 00 00 00 00 00 00 00 00 00 00 00 00 00 00 00 00 00 00 00 00 00 00 00 00 00 00 00 00 00 00 00 00 00 00 00 00 00 00 00 00 00 00 00 00 00 00 00 00 00 00 00 00 00 00 00 00 00 00 00 00 00 00 00 00 00 00 00 00 00 00 00 00 00 00 00 00 00 00 00 00 00 00 00 00 00 00 00 00 00 00 00 00 00 00 00 00 00 00 00 00 00 00 00 00 00 00 00 00 00 00 00 00 00 00 00 00 00 00 00 00 DC 42 00 00 00 00 00 00 00 00 00 00 00 00 00 00 00 00 00 00 00 00 00 00 00 00 00 00 00 00 00 00 00 00 00 00 00 00 00 00 00 00 00 00 00 00 00 00 00 00 00 00 00 00 00 00 00 00 00 00 00 00 00 00 00 00 00 00
15:38:34.371 设备发送:68 DA 38 00 02 00 0D A9 14 00 01 00 D2 42 00 00 00 00 00 00 00 00 00 00 00 00 00 00 00 00 00 00 00 00 00 00 00 00 00 00 00 00 00 00 00 00 00 00 00 00 00 00 00 00 00 00 00 00 00 00 00 00 00 00 00 00 00 00 00 00 00 00 00 00 00 00 00 00 00 00 00 00 00 00 00 00 00 00 00 00 00 00 00 00 00 00 00 00 00 00 00 00 00 00 00 00 00 00 00 00 00 00 00 00 00 00 00 00 00 00 00 00 00 00 00 00 00 00 00 00 00 00 00 00 00 00 00 00 00 00 00 00 00 00 00 00 00 00 00 00 00 00 00 00 00 00 00 00 00 00 00 00 00 00 00 00 00 00 00 00 00 00 00 00 00 00 00 00 00 00 00 00 00 00 00 00 00 00 00 00 00 00 00 00 00 00 00 00 00 00 00 00 00 00 00 00 00 00 00 00 00 00 00 00 00 00 00 00 00 00
15:38:34.712 设备发送:68 E4 3A 00 02 00 0D AB 14 00 01 00 FB 42 00 00 00 00 00 00 00 00 00 00 00 00 00 00 00 00 00 00 00 00 00 00 00 00 00 00 00 00 00 00 00 00 00 00 00 00 00 00 00 00 00 00 00 00 00 00 00 00 00 00 00 00 00 20 42 00 00 00 00 00 00 00 00 00 00 00 00 00 00 00 00 00 00 00 00 00 00 00 00 00 00 00 00 00 00 00 00 00 00 00 00 00 00 00 00 00 00 00 00 00 00 00 00 00 00 00 00 00 00 00 00 00 00 00 00 00 00 00 00 00 00 00 00 00 00 00 00 00 00 00 00 00 00 00 00 00 00 00 00 00 00 00 00 00 00 00 00 00 00 00 00 00 00 00 00 00 00 00 00 00 00 00 00 00 00 00 00 00 00 00 00 00 00 00 00 00 00 00 00 00 00 00 00 00 00 00 00 00 00 00 00 00 00 00 00 00 00 00 00 00 00 00 00 00 00 00 00 00 00 00 00 00 00 00 00 00
15:38:34.774 设备接收:68 04 01 00 3C 00
15:38:34.962 设备发送:68 D0 3C 00 02 00 0D A7 14 00 01 00 26 43 00 00 00 00 00 00 00 00 00 00 00 00 00 00 00 00 00 00 00 00 00 00 00 00 00 00 00 00 00 00 00 00 00 00 00 00 00 00 00 00 00 00 00 00 00 00 00 00 00 00 00 00 00 00 00 00 00 00 00 00 00 00 00 00 00 00 00 00 00 00 00 00 00 00 00 00 00 00 00 00 00 00 00 00 00 00 00 00 00 00 00 00 00 00 00 00 00 00 00 00 00 00 00 00 00 00 00 00 00 00 00 00 00 00 00 00 00 00 00 00 00 00 00 00 00 00 00 00 00 00 00 00 00 00 00 00 00 00 00 00 00 00 00 00 00 00 00 00 00 00 00 00 00 00 00 00 00 00 00 00 00 00 00 04 42 00 00 00 00 00 00 00 00 00 00 00 00 00 00 00 00 00 00 00 00 00 00 00 00 00 00 00 00 00 00 00
15:38:35.258 设备发送:68 0E 3E 00 02 00 64 01 0A 00 01 00 00 00 00 14
15:38:35.367 设备接收:68 0E 02 00 40 00 65 01 06 00 01 00 00 00 00 05
15:38:35.461 设备发送:68 0E 40 00 04 00 65 01 07 00 01 00 00 00 00 05
15:38:35.680 设备发送:68 99 42 00 04 00 CE 9C 25 00 01 00 01 64 00 C2 F5 2B 42 00 0F 0C A4 46 00 D7 6A AB 46 00 0F 7D 90 46 00 5C 8F 7C 42 00 00 11 DF 46 00 70 3D 51 43 00 E7 EE A2 47 00 1E 45 B9 43 00 C0 1E D7 47 00 33 33 38 43 00 4D F4 81 47 00 33 B3 36 43 00 00 3E BA 47 00 85 AB 21 43 00 27 17 AC 47 00 1E 85 2B 43 00 9A 4A 96 47 00 00 C0 08 43 00 33 80 A7 47 00 33 F3 1A 43 00 00 EE BF 47 00 99 D9 11 43 00 E7 08 B1 47 00 A4 70 62 42 00 CD A8 EC 46 00 66 66 2A 42 00 00 02 CF 46 00
15:38:35.759 设备接收:68 04 01 00 44 00
15:38:35.867 设备发送:68 0E 44 00 04 00 65 01 0A 00 01 00 00 00 00 05
15:38:36.053 设备接收:68 14 04 00 46 00 67 01 06 00 01 00 00 00 00 53 8B 26 0F AA 01 19
15:38:36.598 设备发送:68 14 46 00 06 00 67 01 07 00 01 00 00 00 00 53 8B 26 0F AA 01 19
15:38:39.388 设备接收:68 04 01 00 48 00
15:38:46.087 设备发送:68 12 48 00 06 00 0D 01 03 00 01 00 BB 40 00 00 80 3A 44 00
15:38:49.387 设备接收:68 04 01 00 4A 00
15:38:50.432 设备发送:68 12 4A 00 06 00 0D 01 03 00 01 00 BA 40 00 00 00 08 42 00
15:38:53.714 设备接收:68 04 01 00 4C 00
15:38:54.743 设备发送:68 1A 4C 00 06 00 0D 02 03 00 01 00 F6 40 00 29 5C 08 42 00 F9 40 00 85 EB 47 42 00
15:38:58.001 设备接收:68 04 01 00 4E 00
15:38:58.965 设备发送:68 2A 4E 00 06 00 0D 04 03 00 01 00 EF 40 00 CD CC 6A 43 00 F0 40 00 CD 4C 6A 43 00 F2 40 00 CD CC 41 42 00 F3 40 00 CD CC 41 42 00
15:39:01.067 设备接收:68 0D 06 00 50 00 C9 01 06 00 01 00 00 00 00
15:39:01.192 设备发送:68 18 50 00 08 00 C9 01 07 00 01 00 00 00 00 00 00 00 00 01 00 00 00 00 00 00
15:39:02.300 设备接收:68 04 01 00 52 00
15:39:03.269 设备发送:68 1A 52 00 08 00 0D 02 03 00 01 00 F1 40 00 33 B3 6B 43 00 F4 40 00 29 5C 42 42 00
15:39:05.574 设备接收:68 0C 08 00 54 00 CA 00 06 00 01 00 00 00
15:39:05.900 设备发送:68 0C 54 00 0A 00 CA 00 07 00 01 00 00 00
15:39:06.585 设备接收:68 04 01 00 56 00

