
13:43:15.363 设备发送:68 1A DA 03 54 49 0D 02 03 00 01 00 0B 40 00 33 33 9D C2 00 FB 40 00 00 00 24 42 00
13:43:18.678 设备接收:68 04 01 00 DC 03
13:43:19.395 设备发送:68 12 DC 03 54 49 0D 01 03 00 01 00 27 40 00 8F C2 B3 42 00
13:43:23.108 设备接收:68 04 01 00 DE 03
13:43:32.924 设备发送:68 04 83 00 00 00
13:43:32.939 设备接收:68 04 43 00 00 00
13:43:39.448 设备发送:68 32 DE 03 54 49 0D 05 03 00 01 00 04 41 00 9A 19 51 44 00 05 41 00 9A D9 50 44 00 06 41 00 CD 0C 48 44 00 07 41 00 33 F3 40 44 00 1C 41 00 67 66 8C 42 00
13:43:42.787 设备接收:68 04 01 00 E0 03
13:43:43.505 设备发送:68 12 E0 03 54 49 0D 01 03 00 01 00 09 41 00 00 E0 42 44 00
13:43:46.807 设备接收:68 04 01 00 E2 03
13:43:53.803 设备接收:68 0C 54 49 E2 03 C9 01 06 00 00 00 00 00
13:43:55.533 设备发送:68 12 E2 03 56 49 0D 01 03 00 01 00 3C 41 00 00 00 14 42 00
13:43:58.852 设备接收:68 04 01 00 E4 03
13:44:09.085 设备接收:68 04 43 00 00 00
13:44:09.101 设备发送:68 04 83 00 00 00
13:44:15.634 设备发送:68 12 E4 03 56 49 0D 01 03 00 01 00 0B 40 00 99 99 9F C2 00
13:44:18.921 设备接收:68 04 01 00 E6 03
13:44:19.643 设备发送:68 3A E6 03 56 49 0D 06 03 00 01 00 37 40 00 00 00 90 42 00 48 41 00 00 A0 43 44 00 4A 41 00 9A 19 43 44 00 4B 41 00 00 C0 3F 44 00 4C 41 00 33 F3 30 44 00 4E 41 00 CD AC 42 44 00
13:44:23.358 设备接收:68 04 01 00 E8 03

