
15:27:46.488 设备发送:68 52 6C 00 06 00 0D 09 03 00 01 00 07 40 00 52 B8 C6 C1 00 27 40 00 E1 7A 28 42 00 37 40 00 5C 8F 02 42 00 C8 40 00 9A 59 17 44 00 C9 40 00 33 33 E3 42 00 CA 40 00 67 66 E4 42 00 CB 40 00 CD CC E1 42 00 CC 40 00 9A 99 E3 42 00 DC 40 00 7B 14 AE 40 00
15:27:49.827 设备接收:68 04 01 00 6E 00
15:27:50.812 设备发送:68 12 6E 00 06 00 0D 01 03 00 01 00 CD 40 00 33 33 B3 3F 00
15:27:54.330 设备接收:68 04 01 00 70 00
15:27:55.113 设备发送:68 12 70 00 06 00 0D 01 03 00 01 00 FC 40 00 00 40 3A 44 00
15:27:58.639 设备接收:68 04 01 00 72 00
15:27:59.478 设备发送:68 12 72 00 06 00 0D 01 03 00 01 00 FB 40 00 00 00 18 42 00
15:28:02.980 设备接收:68 04 01 00 74 00
15:28:03.759 设备发送:68 1A 74 00 06 00 0D 02 03 00 01 00 37 41 00 F5 28 74 41 00 3A 41 00 85 EB 47 42 00
15:28:06.061 设备接收:68 0D 06 00 76 00 C9 01 06 00 01 00 00 00 00
15:28:06.170 设备发送:68 18 76 00 08 00 C9 01 07 00 01 00 00 00 00 00 00 00 00 01 00 00 00 00 00 00
15:28:07.324 设备接收:68 04 01 00 78 00
15:28:08.043 设备发送:68 1A 78 00 08 00 0D 02 03 00 01 00 30 41 00 00 00 69 43 00 33 41 00 99 99 B1 41 00
15:28:11.325 设备接收:68 04 01 00 7A 00
15:28:12.318 设备发送:68 2A 7A 00 08 00 0D 04 03 00 01 00 31 41 00 CD 4C 69 43 00 32 41 00 9A 19 6A 43 00 34 41 00 EB 51 AE 41 00 35 41 00 70 3D B4 41 00
15:28:12.442 设备接收:68 0C 08 00 7A 00 CA 00 06 00 01 00 00 00
15:28:12.782 设备发送:68 0C 7C 00 0A 00 CA 00 07 00 01 00 00 00
15:28:15.667 设备接收:68 04 01 00 7E 00

