
16:07:28.187 设备接收:68 04 07 00 00 00
16:07:28.313 设备发送:68 04 0B 00 00 00
16:07:28.406 设备发送:68 0E 00 00 00 00 46 01 04 00 01 00 00 00 00 00 68 32 02 00 00 00 01 0A 03 00 01 00 01 00 00 01 07 00 00 01 08 00 00 01 09 00 00 01 0D 00 00 01 0E 00 00 00 3B 00 00 01 3C 00 00 00 69 00 00 01 6A 00 00 00
16:07:28.531 设备接收:68 0E 00 00 00 00 64 01 06 00 01 00 00 00 00 14
16:07:28.611 设备发送:68 78 04 00 02 00 1E 0A 03 00 01 00 01 00 00 01 D7 BB 05 10 0D 01 19 07 00 00 01 F1 BB 05 10 0D 01 19 08 00 00 01 FB BB 05 10 0D 01 19 09 00 00 01 C4 BE 05 10 0D 01 19 0D 00 00 01 A1 08 06 10 0D 01 19 0E 00 00 00 B1 08 06 10 0D 01 19 3B 00 00 01 B5 A1 06 10 0D 01 19 3C 00 00 00 BD A1 06 10 0D 01 19 69 00 00 01 48 51 07 10 0D 01 19 6A 00 00 00 52 51 07 10 0D 01 19
16:07:28.811 设备发送:68 0E 06 00 02 00 64 01 07 00 01 00 00 00 00 14
16:07:28.905 设备接收:68 04 01 00 08 00
16:07:29.030 设备发送:68 8C 08 00 02 00 01 FF 14 00 01 00 01 00 00 01 00 00 00 00 00 01 01 01 00 00 00 01 00 00 00 00 00 00 00 00 00 00 00 00 00 00 00 00 00 00 00 00 00 00 00 00 00 00 00 00 00 00 00 00 00 00 00 00 00 00 00 00 00 00 00 00 00 01 00 00 00 00 00 00 00 00 00 00 00 00 00 00 00 00 00 00 00 00 00 00 00 00 00 00 00 00 00 00 00 00 00 00 00 00 00 00 00 00 00 00 00 00 00 01 00 00 00 00 00 00 00 00 00 00 00 00 00 00 00 00 00 00 00 00 00 00
16:07:29.219 设备发送:68 8C 0A 00 02 00 01 FF 14 00 01 00 80 00 00 00 00 00 00 00 00 00 00 00 00 00 00 00 00 00 00 00 00 00 00 00 00 00 00 01 00 00 00 00 00 00 00 00 00 00 00 00 00 00 00 00 00 00 00 00 00 00 00 00 00 00 00 00 00 00 00 00 00 00 00 00 00 00 00 00 00 00 00 00 00 01 00 00 00 00 00 00 00 00 00 00 00 00 00 00 00 00 00 00 00 00 00 00 00 00 00 00 00 00 00 00 00 00 00 00 00 00 00 00 00 00 00 00 00 00 00 01 00 00 00 00 00 00 00 00 00 00
16:07:29.420 设备发送:68 8C 0C 00 02 00 01 FF 14 00 01 00 FF 00 00 00 00 00 00 00 00 00 00 00 00 00 00 00 00 00 00 00 00 00 00 00 00 00 00 00 00 00 00 00 00 00 00 00 00 00 01 00 00 00 00 00 00 00 00 00 00 00 00 00 00 00 00 00 00 00 00 00 00 00 00 00 00 00 00 00 00 00 00 00 00 00 00 00 00 00 00 00 00 00 00 00 01 00 00 00 00 00 00 00 00 00 00 00 00 00 00 00 00 00 00 00 00 00 00 00 00 00 00 00 00 00 00 00 00 00 00 00 00 00 00 00 00 00 00 00 00 00
16:07:29.639 设备发送:68 8C 0E 00 02 00 01 FF 14 00 01 00 7E 01 00 01 00 00 00 00 00 00 00 00 00 00 00 00 00 00 00 00 00 00 00 00 00 00 00 00 00 00 00 00 00 00 00 00 00 00 00 00 00 00 00 00 00 00 00 00 00 01 00 00 00 00 00 00 00 00 00 00 00 00 00 00 00 00 00 00 00 00 00 00 00 00 00 00 00 00 00 00 00 00 00 00 00 00 00 00 00 00 00 00 00 00 00 01 00 00 00 00 00 00 00 00 00 00 00 00 00 00 00 00 00 00 00 00 00 00 00 00 00 00 00 00 00 00 00 00 00 00
16:07:29.764 设备接收:68 04 01 00 10 00
16:07:29.842 设备发送:68 42 10 00 02 00 01 B5 14 00 01 00 FD 01 00 00 00 00 00 00 00 00 00 00 00 00 01 00 00 00 00 00 00 00 00 00 00 00 00 00 00 00 00 00 00 00 00 00 00 00 00 00 00 00 00 00 00 00 00 00 00 00 00 00 00 00 00 00
16:07:30.061 设备发送:68 E4 12 00 02 00 0D AB 14 00 01 00 01 40 00 00 80 69 43 00 67 66 69 43 00 67 E6 69 43 00 00 00 00 00 00 00 00 00 00 00 33 33 33 40 00 A3 70 FD C0 00 8F C2 F5 BD 00 A3 70 7D C0 00 5C 8F 82 C0 00 52 B8 5E C1 00 00 00 00 00 00 47 E1 DA C0 00 5C 8F E2 C0 00 11 58 F9 BE 00 3D 0A 48 42 00 33 33 69 43 00 00 80 69 43 00 67 E6 68 43 00 00 00 00 00 00 9A 99 19 40 00 00 00 20 40 00 70 3D A2 41 00 29 5C CF 40 00 3D 0A D7 40 00 47 E1 DA 40 00 00 00 00 00 00 8F C2 F5 BD 00 00 00 00 00 00 8F C2 F5 BD 00 00 00 80 3F 00 3D 0A 48 42 00 00 80 68 43 00 9A 99 69 43 00 67 E6 69 43 00 00 00 00 00 00 33 33 13 40 00 33 33 13 40 00 99 99 99 41 00 14 AE C7 40 00 14 AE C7 40 00 29 5C CF 40 00 8F C2 F5 3D 00
16:07:30.251 设备发送:68 E4 14 00 02 00 0D AB 14 00 01 00 2C 40 00 8F C2 F5 BD 00 00 00 00 00 00 00 00 00 00 00 53 B8 7E 3F 00 3D 0A 48 42 00 00 80 67 43 00 9A 19 69 43 00 CD 4C 69 43 00 00 00 00 00 00 67 66 E6 3F 00 33 33 F3 3F 00 85 EB 71 41 00 99 99 99 40 00 B8 1E A5 40 00 AE 47 A1 40 00 8F C2 75 BE 00 8F C2 F5 BD 00 8F C2 F5 BD 00 8F C2 75 BE 00 00 00 80 3F 00 3D 0A 48 42 00 9A 99 AE 42 00 00 00 AF 42 00 67 E6 1F 44 00 00 00 AE 42 00 7B 14 0A 41 00 67 C6 36 44 00 67 66 AA 42 00 9A 99 AC 42 00 9A 99 AC 42 00 33 33 AD 42 00 CD CC CC 3D 00 CD CC CC 3D 00 00 00 00 00 00 00 00 00 00 00 00 00 00 00 00 00 00 00 00 00 00 00 00 00 00 00 00 00 00 00 00 00 00 00 00 00 00 00 00 00 00 00 00 00 00 00 00 00 00 00
16:07:30.466 设备发送:68 DA 16 00 02 00 0D A9 14 00 01 00 57 40 00 70 3D 4A 40 00 00 00 00 00 00 CD CC 4C 3E 00 5C 8F C2 3F 00 00 00 00 00 00 0A D7 A3 3C 00 8F C2 F5 3C 00 00 00 00 00 00 00 00 00 00 00 00 00 00 00 00 00 00 00 00 00 00 00 00 00 00 00 00 00 00 00 00 00 00 00 00 00 00 00 00 00 00 00 00 00 00 00 00 00 00 00 00 00 00 00 00 00 00 00 00 00 00 00 00 00 00 00 00 00 00 00 00 00 00 00 00 00 80 68 43 00 00 80 68 43 00 33 33 69 43 00 D7 A3 98 40 00 33 33 9B 40 00 5C 8F A2 40 00 00 00 00 00 00 33 33 33 40 00 5C 8F C2 BE 00 00 00 00 00 00 85 EB 47 42 00 00 00 00 00 00 00 00 48 42 00 00 C0 39 44 00 00 00 DC 42 00 00 00 00 00 00 00 00 00 00 00 00 00 00 00 00 00 00 00 00 00
16:07:30.560 设备接收:68 04 01 00 18 00
16:07:30.671 设备发送:68 E4 18 00 02 00 0D AB 14 00 01 00 80 40 00 00 00 00 00 00 00 00 00 00 00 00 A0 2B 44 00 67 E6 24 44 00 9A 99 C8 42 00 00 00 C9 42 00 8F 42 83 42 00 67 46 24 44 00 33 F3 11 44 00 67 66 C8 42 00 9A 99 C8 42 00 9A 99 C8 42 00 00 00 00 00 00 00 00 00 00 00 00 00 00 00 00 00 00 00 00 00 00 00 00 00 00 00 00 00 00 00 00 00 00 00 00 00 00 00 00 00 00 00 00 00 00 00 00 00 00 00 5C 8F 52 40 00 EB 51 F8 3F 00 0A D7 23 3C 00 00 00 00 00 00 33 33 E7 41 00 F5 28 5C 40 00 99 99 B9 3F 00 0A D7 23 3D 00 00 00 00 00 00 00 00 00 00 00 00 00 00 00 00 8F C2 F5 3C 00 00 00 00 00 00 00 00 00 00 00 00 00 00 00 00 00 00 00 00 00 00 00 00 00 00 00 00 00 00 00 00 00 00 00 00 00 00 00 00 00 00 00 00 00 00
16:07:30.889 设备发送:68 E4 1A 00 02 00 0D AB 14 00 01 00 AB 40 00 00 00 00 00 00 00 00 00 00 00 00 00 00 00 00 00 80 69 43 00 67 E6 68 43 00 67 66 69 43 00 CD CC 30 41 00 8F C2 31 41 00 14 AE 33 41 00 00 00 00 00 00 85 EB F1 40 00 B8 1E 85 3E 00 00 00 00 00 00 85 EB 47 42 00 00 00 00 00 00 00 00 4C 42 00 00 C0 34 44 00 00 00 DC 42 00 00 00 00 00 00 00 00 00 00 00 00 00 00 00 00 00 00 00 00 00 00 00 00 00 00 00 00 00 00 00 67 06 3B 44 00 67 46 3D 44 00 67 C6 3A 44 00 67 66 3E 44 00 7B 94 92 42 00 CD EC 15 44 00 33 33 E7 42 00 9A 99 E8 42 00 CD CC E5 42 00 CD CC E7 42 00 00 00 00 00 00 00 00 00 00 00 00 00 00 00 00 00 00 00 00 00 00 00 00 00 00 00 00 00 00 00 00 00 00 00 00 00 00 00 00 00 00 00 00 00 00
16:07:31.098 设备发送:68 DA 1C 00 02 00 0D A9 14 00 01 00 D6 40 00 00 00 00 00 00 33 33 53 40 00 CC CC 4C 40 00 7B 14 4E 40 00 14 AE 47 40 00 CD CC 2A 42 00 8F C2 15 40 00 00 00 00 00 00 00 00 00 00 00 0A D7 23 3C 00 0A D7 A3 3D 00 00 00 00 00 00 00 00 00 00 00 00 00 00 00 00 00 00 00 00 00 00 00 00 00 00 00 00 00 00 00 00 00 00 00 00 00 00 00 00 00 00 00 00 00 00 00 00 00 00 00 00 00 00 00 00 00 00 00 00 00 00 00 00 00 00 00 00 00 00 00 67 66 69 43 00 33 33 69 43 00 9A 19 6A 43 00 29 5C 95 41 00 1F 85 95 41 00 14 AE 97 41 00 00 00 00 00 00 3D 0A 4F 41 00 00 00 00 00 00 00 00 00 00 00 00 00 48 42 00 00 00 00 00 00 00 00 00 00 00 00 00 00 00 00 00 00 DC 42 00 00 00 00 00 00
16:07:31.279 设备发送:68 E4 1E 00 02 00 0D AB 14 00 01 00 FF 40 00 00 00 00 00 00 00 00 00 00 00 00 00 00 00 00 00 00 00 00 00 00 00 00 00 00 00 00 00 00 00 00 00 00 00 00 00 00 00 00 00 00 00 00 00 00 00 00 00 00 00 00 00 00 00 00 00 00 00 00 00 00 00 00 00 00 00 00 00 00 00 00 00 00 00 00 00 00 00 00 00 00 00 00 00 00 00 00 00 00 00 00 00 00 00 00 00 00 00 00 00 00 00 00 00 00 00 00 00 00 00 00 00 00 00 00 00 00 00 00 00 00 00 00 00 00 00 00 00 00 00 00 00 00 00 00 00 00 00 00 00 00 00 00 00 00 00 00 00 00 00 00 00 00 00 00 00 00 00 00 00 00 00 00 00 00 00 00 00 00 00 00 00 00 00 00 00 00 00 00 00 00 00 00 00 00 00 00 00 00 00 00 00 00 00 00 00 00 00 00 00 00 00 00 00 00 00 00 00 00 00 00 00 00 00 00
16:07:31.403 设备接收:68 04 01 00 20 00
16:07:31.496 设备发送:68 E4 20 00 02 00 0D AB 14 00 01 00 2A 41 00 00 00 00 00 00 00 00 00 00 00 00 00 00 00 00 00 00 00 00 00 00 00 00 00 00 00 00 00 00 00 00 00 00 00 00 00 00 00 00 00 00 00 00 00 00 00 00 00 00 00 00 00 00 00 00 00 00 00 00 00 00 00 00 00 00 00 00 00 00 00 00 00 00 00 00 00 00 00 00 00 00 00 00 00 00 00 00 00 00 00 00 00 00 00 00 00 00 00 00 00 00 00 DC 42 00 00 00 00 00 00 00 00 00 00 00 00 00 00 00 00 00 00 00 00 00 00 00 00 00 00 00 00 00 00 00 00 00 00 00 00 00 00 00 00 00 00 00 00 00 00 00 00 00 00 00 00 00 00 00 00 00 00 00 00 00 00 00 00 00 00 00 00 00 00 00 00 00 00 00 00 00 00 00 00 00 00 00 00 00 00 00 00 00 00 00 00 00 00 00 00 00 00 00 00 00 00 00 00 00 00 00 00 00 00 00
16:07:31.700 设备发送:68 DA 22 00 02 00 0D A9 14 00 01 00 55 41 00 00 00 00 00 00 00 00 00 00 00 00 00 00 00 00 00 00 00 00 00 00 00 00 00 00 00 00 00 00 00 00 00 00 00 00 00 00 00 00 00 00 00 00 00 00 00 00 00 00 00 00 00 00 00 00 00 00 00 00 00 00 00 00 00 00 00 00 00 00 00 00 00 00 00 00 00 00 00 00 00 00 00 00 00 00 00 00 00 00 00 00 00 00 00 00 00 00 00 00 00 00 00 00 00 00 00 00 00 00 00 00 00 00 00 00 00 00 00 00 00 00 00 00 00 00 00 00 00 00 00 00 00 00 00 00 00 00 00 00 00 00 00 00 00 00 00 00 00 00 00 00 00 00 00 00 00 00 00 00 00 00 00 00 00 00 00 00 00 00 00 00 00 00 00 00 00 00 00 00 00 00 00 00 00 00 00 00 00 00 00 00 00 00 00 00 00 00 00 00 00 00 00 00 00 00
16:07:31.905 设备发送:68 E4 24 00 02 00 0D AB 14 00 01 00 7E 41 00 00 00 00 00 00 00 00 DC 42 00 00 00 00 00 00 00 00 00 00 00 00 00 00 00 00 00 00 00 00 00 00 00 00 00 00 00 00 00 00 00 00 00 00 00 00 00 00 00 00 00 00 00 00 00 00 00 00 00 00 00 00 00 00 00 00 00 00 00 00 00 00 00 00 00 00 00 00 00 00 00 00 00 00 00 00 00 00 00 00 00 00 00 00 00 00 00 00 00 00 00 00 00 00 00 00 00 00 00 00 00 00 00 00 00 00 00 00 00 00 00 00 00 00 00 00 00 00 00 00 00 00 00 00 00 00 00 00 00 00 00 00 00 00 00 00 00 00 00 00 00 00 00 00 00 00 00 00 00 00 00 00 00 00 00 00 00 00 00 00 00 00 00 00 00 00 00 00 00 00 00 00 00 00 00 00 00 00 00 00 00 00 00 00 00 00 00 00 00 00 00 00 00 00 00 00 00 00 00 00 00 00 00 00 00 00
16:07:32.123 设备发送:68 E4 26 00 02 00 0D AB 14 00 01 00 A9 41 00 00 00 00 00 00 00 00 00 00 00 00 00 00 00 00 00 00 00 00 00 00 00 00 00 00 00 00 00 00 00 00 00 00 00 00 00 00 00 00 00 00 00 00 00 00 00 00 00 00 00 00 00 00 00 00 00 00 00 00 00 00 00 00 00 00 00 00 00 00 00 00 00 00 00 00 00 00 00 00 00 00 00 00 00 00 00 00 00 00 00 00 00 00 00 00 00 00 00 00 00 00 00 00 00 00 00 00 00 00 00 00 00 00 00 00 00 00 DC 42 00 00 00 00 00 00 00 00 00 00 00 00 00 00 00 00 00 00 00 00 00 00 00 00 00 00 00 00 00 00 00 00 00 00 00 00 00 00 00 00 00 00 00 00 00 00 00 00 00 00 00 00 00 00 00 00 00 00 00 00 00 00 00 00 00 00 00 00 00 00 00 00 00 00 00 00 00 00 00 00 00 00 00 00 00 00 00 00 00 00 00 00 00 00 00 00
16:07:32.201 设备接收:68 04 01 00 28 00
16:07:32.346 设备发送:68 DA 28 00 02 00 0D A9 14 00 01 00 D4 41 00 00 00 00 00 00 00 00 00 00 00 00 00 00 00 00 00 00 00 00 00 00 00 00 00 00 00 00 00 00 00 00 00 00 00 00 00 00 00 00 00 00 00 00 00 00 00 00 00 00 00 00 00 00 00 00 00 00 00 00 00 00 00 00 00 00 00 00 00 00 00 00 00 00 00 00 00 00 00 00 00 00 00 00 00 00 00 00 00 00 00 00 00 00 00 00 00 00 00 00 00 00 00 00 00 00 00 00 00 00 00 00 00 00 00 00 00 00 00 00 00 00 00 00 00 00 00 00 00 00 00 00 00 00 00 00 00 00 00 00 00 00 00 00 00 00 00 00 00 00 00 00 00 00 00 00 00 00 00 00 00 00 00 00 00 00 00 00 00 00 00 00 00 00 00 00 00 00 00 00 00 00 00 00 00 00 00 00 00 00 00 00 00 00 00 00 00 00 00 00 00 00 00 00 00 00
16:07:32.547 设备发送:68 E4 2A 00 02 00 0D AB 14 00 01 00 FD 41 00 00 00 00 00 00 00 00 00 00 00 00 00 00 00 00 00 00 00 00 00 00 00 DC 42 00 00 00 00 00 00 00 00 00 00 00 00 00 00 00 00 00 00 00 00 00 00 00 00 00 00 00 00 00 00 00 00 00 00 00 00 00 00 00 00 00 00 00 00 00 00 00 00 00 00 00 00 00 00 00 00 00 00 00 00 00 00 00 00 00 00 00 00 00 00 00 00 00 00 00 00 00 00 00 00 00 00 00 00 00 00 00 00 00 00 00 00 00 00 00 00 00 00 00 00 00 00 00 00 00 00 00 00 00 00 00 00 00 00 00 00 00 00 00 00 00 00 00 00 00 00 00 00 00 00 00 00 00 00 00 00 00 00 00 00 00 00 00 00 00 00 00 00 00 00 00 00 00 00 00 00 00 00 00 00 00 00 00 00 00 00 00 00 00 00 00 00 00 00 00 00 00 00 00 00 00 00 00 00 00 00 00 00 00 00 00
16:07:32.762 设备发送:68 E4 2C 00 02 00 0D AB 14 00 01 00 28 42 00 00 00 00 00 00 00 00 00 00 00 00 00 00 00 00 00 00 00 00 00 00 00 00 00 00 00 00 00 00 00 00 00 00 00 00 00 00 00 00 00 00 00 00 00 00 00 00 00 00 00 00 00 00 00 00 00 00 00 00 00 00 00 00 00 00 00 00 00 00 00 00 00 00 00 00 00 00 00 00 00 00 00 00 00 00 00 00 00 00 00 00 00 00 00 00 00 00 00 00 00 00 00 00 00 00 00 00 00 00 00 00 00 00 00 00 00 00 00 00 00 00 00 00 00 00 00 00 00 00 00 00 00 DC 42 00 00 00 00 00 00 00 00 00 00 00 00 00 00 00 00 00 00 00 00 00 00 00 00 00 00 00 00 00 00 00 00 00 00 00 00 00 00 00 00 00 00 00 00 00 00 00 00 00 00 00 00 00 00 00 00 00 00 00 00 00 00 00 00 00 00 00 00 00 00 00 00 00 00 00 00 00 00 00 00 00
16:07:32.964 设备发送:68 DA 2E 00 02 00 0D A9 14 00 01 00 53 42 00 00 00 00 00 00 00 00 00 00 00 00 00 00 00 00 00 00 00 00 00 00 00 00 00 00 00 00 00 00 00 00 00 00 00 00 00 00 00 00 00 00 00 00 00 00 00 00 00 00 00 00 00 00 00 00 00 00 00 00 00 00 00 00 00 00 00 00 00 00 00 00 00 00 00 00 00 00 00 00 00 00 00 00 00 00 00 00 00 00 00 00 00 00 00 00 00 00 00 00 00 00 00 00 00 00 00 00 00 00 00 00 00 00 00 00 00 00 00 00 00 00 00 00 00 00 00 00 00 00 00 00 00 00 00 00 00 00 00 00 00 00 00 00 00 00 00 00 00 00 00 00 00 00 00 00 00 00 00 00 00 00 00 00 00 00 00 00 00 00 00 00 00 00 00 00 00 00 00 00 00 00 00 00 00 00 00 00 00 00 00 00 00 00 00 00 00 00 00 00 00 00 00 00 00 00
16:07:33.062 设备接收:68 04 01 00 30 00
16:07:33.179 设备发送:68 E4 30 00 02 00 0D AB 14 00 01 00 7C 42 00 00 00 00 00 00 00 00 00 00 00 00 00 00 00 00 00 00 00 00 00 00 00 00 00 00 00 00 00 00 00 00 00 00 00 00 00 00 DC 42 00 00 00 00 00 00 00 00 00 00 00 00 00 00 00 00 00 00 00 00 00 00 00 00 00 00 00 00 00 00 00 00 00 00 00 00 00 00 00 00 00 00 00 00 00 00 00 00 00 00 00 00 00 00 00 00 00 00 00 00 00 00 00 00 00 00 00 00 00 00 00 00 00 00 00 00 00 00 00 00 00 00 00 00 00 00 00 00 00 00 00 00 00 00 00 00 00 00 00 00 00 00 00 00 00 00 00 00 00 00 00 00 00 00 00 00 00 00 00 00 00 00 00 00 00 00 00 00 00 00 00 00 00 00 00 00 00 00 00 00 00 00 00 00 00 00 00 00 00 00 00 00 00 00 00 00 00 00 00 00 00 00 00 00 00 00 00 00 00 00 00 00 00 00 00 00
16:07:33.372 设备发送:68 E4 32 00 02 00 0D AB 14 00 01 00 A7 42 00 00 00 00 00 00 00 00 00 00 00 00 00 00 00 00 00 00 00 00 00 00 00 00 00 00 00 00 00 00 00 00 00 00 00 00 00 00 00 00 00 00 00 00 00 00 00 00 00 00 00 00 00 00 00 00 00 00 00 00 00 00 00 00 00 00 00 00 00 00 00 00 00 00 00 00 00 00 00 00 00 00 00 00 00 00 00 00 00 00 00 00 00 00 00 00 00 00 00 00 00 00 00 00 00 00 00 00 00 00 00 00 00 00 00 00 00 00 00 00 00 00 00 00 00 00 00 00 00 00 00 00 00 00 00 00 00 00 00 00 00 00 00 00 00 00 00 00 DC 42 00 00 00 00 00 00 00 00 00 00 00 00 00 00 00 00 00 00 00 00 00 00 00 00 00 00 00 00 00 00 00 00 00 00 00 00 00 00 00 00 00 00 00 00 00 00 00 00 00 00 00 00 00 00 00 00 00 00 00 00 00 00 00 00 00 00
16:07:33.577 设备发送:68 DA 34 00 02 00 0D A9 14 00 01 00 D2 42 00 00 00 00 00 00 00 00 00 00 00 00 00 00 00 00 00 00 00 00 00 00 00 00 00 00 00 00 00 00 00 00 00 00 00 00 00 00 00 00 00 00 00 00 00 00 00 00 00 00 00 00 00 00 00 00 00 00 00 00 00 00 00 00 00 00 00 00 00 00 00 00 00 00 00 00 00 00 00 00 00 00 00 00 00 00 00 00 00 00 00 00 00 00 00 00 00 00 00 00 00 00 00 00 00 00 00 00 00 00 00 00 00 00 00 00 00 00 00 00 00 00 00 00 00 00 00 00 00 00 00 00 00 00 00 00 00 00 00 00 00 00 00 00 00 00 00 00 00 00 00 00 00 00 00 00 00 00 00 00 00 00 00 00 00 00 00 00 00 00 00 00 00 00 00 00 00 00 00 00 00 00 00 00 00 00 00 00 00 00 00 00 00 00 00 00 00 00 00 00 00 00 00 00 00 00
16:07:33.802 设备发送:68 E4 36 00 02 00 0D AB 14 00 01 00 FB 42 00 00 00 00 00 00 00 00 00 00 00 00 00 00 00 00 00 00 00 00 00 00 00 00 00 00 00 00 00 00 00 00 00 00 00 00 00 00 00 00 00 00 00 00 00 00 00 00 00 00 00 00 00 20 42 00 00 00 00 00 00 00 00 00 00 00 00 00 00 00 00 00 00 00 00 00 00 00 00 00 00 00 00 00 00 00 00 00 00 00 00 00 00 00 00 00 00 00 00 00 00 00 00 00 00 00 00 00 00 00 00 00 00 00 00 00 00 00 00 00 00 00 00 00 00 00 00 00 00 00 00 00 00 00 00 00 00 00 00 00 00 00 00 00 00 00 00 00 00 00 00 00 00 00 00 00 00 00 00 00 00 00 00 00 00 00 00 00 00 00 00 00 00 00 00 00 00 00 00 00 00 00 00 00 00 00 00 00 00 00 00 00 00 00 00 00 00 00 00 00 00 00 00 00 00 00 00 00 00 00 00 00 00 00 00 00
16:07:33.882 设备接收:68 04 01 00 38 00
16:07:34.015 设备发送:68 D0 38 00 02 00 0D A7 14 00 01 00 26 43 00 00 00 00 00 00 00 00 00 00 00 00 00 00 00 00 00 00 00 00 00 00 00 00 00 00 00 00 00 00 00 00 00 00 00 00 00 00 00 00 00 00 00 00 00 00 00 00 00 00 00 00 00 00 00 00 00 00 00 00 00 00 00 00 00 00 00 00 00 00 00 00 00 00 00 00 00 00 00 00 00 00 00 00 00 00 00 00 00 00 00 00 00 00 00 00 00 00 00 00 00 00 00 00 00 00 00 00 00 00 00 00 00 00 00 00 00 00 00 00 00 00 00 00 00 00 00 00 00 00 00 00 00 00 00 00 00 00 00 00 00 00 00 00 00 00 00 00 00 00 00 00 00 00 00 00 00 00 00 00 00 00 00 04 42 00 00 00 00 00 00 00 00 00 00 00 00 00 00 00 00 00 00 00 00 00 00 00 00 00 00 00 00 00 00 00
16:07:34.187 设备发送:68 0E 3A 00 02 00 64 01 0A 00 01 00 00 00 00 14
16:07:34.310 设备接收:68 0E 02 00 3C 00 65 01 06 00 01 00 00 00 00 05
16:07:34.388 设备发送:68 0E 3C 00 04 00 65 01 07 00 01 00 00 00 00 05
16:07:34.617 设备发送:68 99 3E 00 04 00 CE 9C 25 00 01 00 01 64 00 D7 A3 2E 42 00 0A 15 A5 46 00 24 62 AC 46 00 7B 44 91 46 00 52 B8 B9 42 00 33 2D E1 46 00 66 A6 81 43 00 C0 67 A4 47 00 00 C0 B2 43 00 33 31 D9 47 00 AE C7 2A 43 00 B3 F8 82 47 00 1E C5 31 43 00 DA 50 BB 47 00 70 BD 1F 43 00 00 11 AD 47 00 29 1C 2C 43 00 F3 58 97 47 00 1F 85 08 43 00 1A 5A A8 47 00 AE 07 1B 43 00 0D E5 C0 47 00 66 A6 12 43 00 27 F2 B1 47 00 29 5C 61 42 00 9A 11 EE 46 00 B8 1E 31 42 00 33 22 D0 46 00
16:07:34.687 设备接收:68 04 01 00 40 00
16:07:34.801 设备发送:68 0E 40 00 04 00 65 01 0A 00 01 00 00 00 00 05
16:07:34.904 设备接收:68 14 04 00 42 00 67 01 06 00 01 00 00 00 00 B3 84 07 10 2D 01 19
16:07:35.184 设备发送:68 14 42 00 06 00 67 01 07 00 01 00 00 00 00 B3 84 07 10 2D 01 19
16:07:38.085 设备接收:68 04 01 00 44 00
16:07:41.018 设备发送:68 12 44 00 06 00 0D 01 03 00 01 00 FC 40 00 00 C0 30 44 00
16:07:42.897 设备接收:68 0C 06 00 46 00 CA 00 06 00 01 00 00 00
16:07:43.026 设备发送:68 EF 46 00 08 00 CA 16 07 00 01 00 00 00 01 01 80 00 04 03 44 33 30 02 80 00 04 05 6C 69 6E 75 78 03 80 00 04 1E E4 B8 9C E6 96 B9 E7 94 B5 E5 AD 90 E8 82 A1 E4 BB BD E6 9C 89 E9 99 90 E5 85 AC E5 8F B8 04 80 00 04 07 48 56 30 31 2E 30 31 05 80 00 04 07 48 56 30 32 2E 30 31 06 80 00 04 07 44 46 2D 61 75 74 6F 07 80 00 04 08 32 30 31 36 2D 31 30 34 08 80 00 04 08 45 39 33 36 31 2D 43 30 09 80 00 04 18 31 31 32 32 33 33 34 34 35 35 36 36 37 37 38 38 39 39 30 30 31 31 32 32 0A 80 00 04 11 38 61 3A 34 36 3A 34 33 3A 34 39 3A 62 32 3A 30 30 0B 80 00 00 00 0C 80 00 00 00 0D 80 00 00 00 0E 80 00 00 00 0F 80 00 00 00 10 80 00 00 00 11 80 00 00 00 12 80 00 00 00 13 80 00 00 00 14 80 00 00 00 15 80 00 00 00 16 80 00 00 00
16:07:43.208 设备发送:68 EE 48 00 08 00 CA 19 07 00 01 00 00 00 01 20 80 00 26 04 00 00 91 43 21 80 00 26 04 9A 99 19 40 22 80 00 26 04 00 00 00 00 23 80 00 26 04 9A 99 19 40 24 80 00 26 04 9A 99 19 40 25 80 00 26 04 9A 99 19 40 26 80 00 26 04 00 00 00 00 27 80 00 26 04 9A 99 19 40 28 80 00 26 04 9A 99 19 40 29 80 00 26 04 9A 99 19 40 2A 80 00 26 04 00 00 00 00 2B 80 00 26 04 9A 99 19 40 2C 80 00 26 04 9A 99 19 40 2D 80 00 26 04 9A 99 19 40 2E 80 00 26 04 00 00 00 00 2F 80 00 26 04 9A 99 19 40 30 80 00 26 04 9A 99 19 40 31 80 00 26 04 9A 99 19 40 32 80 00 26 04 00 00 00 00 33 80 00 26 04 9A 99 19 40 34 80 00 26 04 9A 99 19 40 35 80 00 26 04 9A 99 19 40 36 80 00 26 04 00 00 00 00 37 80 00 26 04 9A 99 19 40 38 80 00 26 04 9A 99 19 40
16:07:43.429 设备发送:68 EE 4A 00 08 00 CA 19 07 00 01 00 00 00 00 20 82 00 26 04 00 00 00 00 21 82 00 26 04 00 00 00 00 22 82 00 26 04 00 00 00 00 23 82 00 26 04 00 00 00 00 24 82 00 26 04 00 00 00 00 25 82 00 26 04 00 00 00 00 26 82 00 26 04 00 00 00 00 27 82 00 26 04 00 00 00 00 28 82 00 26 04 00 00 00 00 29 82 00 26 04 00 00 00 00 2A 82 00 26 04 00 00 00 00 2B 82 00 26 04 00 00 00 00 2C 82 00 26 04 00 00 00 00 2D 82 00 26 04 00 00 00 00 2E 82 00 26 04 00 00 00 00 2F 82 00 26 04 00 00 00 00 30 82 00 26 04 00 00 00 00 31 82 00 26 04 00 00 00 00 32 82 00 26 04 00 00 00 00 33 82 00 26 04 00 00 00 00 34 82 00 26 04 00 00 00 00 35 82 00 26 04 00 00 00 00 36 82 00 26 04 00 00 00 00 37 82 00 26 04 00 00 00 00 38 82 00 26 04 00 00 00 00
16:07:43.546 设备接收:68 04 01 00 4C 00
16:07:45.043 设备发送:68 12 4C 00 08 00 0D 01 03 00 01 00 FB 40 00 00 00 08 42 00
16:07:48.353 设备接收:68 04 01 00 4E 00
16:07:49.079 设备发送:68 1A 4E 00 08 00 0D 02 03 00 01 00 37 41 00 70 3D CA 40 00 3A 41 00 3D 0A 48 42 00
16:07:52.574 设备接收:68 04 01 00 50 00
16:07:53.087 设备发送:68 1A 50 00 08 00 0D 02 03 00 01 00 30 41 00 67 E6 67 43 00 33 41 00 5C 8F 1A 41 00
16:07:56.408 设备接收:68 04 01 00 52 00
16:07:57.080 设备发送:68 1A 52 00 08 00 0D 02 03 00 01 00 31 41 00 CD 4C 68 43 00 34 41 00 EB 51 18 41 00
16:08:00.418 设备接收:68 04 01 00 54 00
16:08:01.119 设备发送:68 1A 54 00 08 00 0D 02 03 00 01 00 32 41 00 00 00 69 43 00 35 41 00 D7 A3 20 41 00
16:08:03.336 设备发送:68 12 56 00 08 00 01 02 03 00 01 00 97 00 00 01 98 00 00 00
16:08:03.503 设备发送:68 20 58 00 08 00 1E 02 03 00 01 00 97 00 00 01 C8 04 08 10 0D 01 19 98 00 00 00 D6 04 08 10 0D 01 19
16:08:04.407 设备接收:68 04 01 00 5A 00
16:08:09.559 设备发送:68 7A 5A 00 08 00 0D 0E 03 00 01 00 04 41 00 CD CC 49 44 00 05 41 00 CD EC 4A 44 00 06 41 00 33 F3 48 44 00 07 41 00 CD 6C 36 44 00 08 41 00 CD 4C 99 42 00 09 41 00 33 D3 3F 44 00 0A 41 00 33 93 3F 44 00 0B 41 00 67 A6 37 44 00 0C 41 00 00 00 0A 43 00 0D 41 00 67 E6 0A 43 00 18 41 00 47 E1 BA 3F 00 1B 41 00 3D 0A B7 3F 00 1C 41 00 9A 99 79 41 00 1D 41 00 85 EB D1 3F 00
16:08:10.462 设备接收:68 0E 08 00 5C 00 64 01 06 00 01 00 00 00 00 14
16:08:10.554 设备发送:68 0E 5C 00 0A 00 64 01 07 00 01 00 00 00 00 14
16:08:10.757 设备发送:68 8C 5E 00 0A 00 01 FF 14 00 01 00 01 00 00 01 00 00 00 00 00 01 01 01 00 00 00 01 00 00 00 00 00 00 00 00 00 00 00 00 00 00 00 00 00 00 00 00 00 00 00 00 00 00 00 00 00 00 00 00 00 00 00 00 00 00 00 00 00 00 00 00 00 01 00 00 00 00 00 00 00 00 00 00 00 00 00 00 00 00 00 00 00 00 00 00 00 00 00 00 00 00 00 00 00 00 00 00 00 00 00 00 00 00 00 00 00 00 00 01 00 00 00 00 00 00 00 00 00 00 00 00 00 00 00 00 00 00 00 00 00 00
16:08:10.979 设备发送:68 8C 60 00 0A 00 01 FF 14 00 01 00 80 00 00 00 00 00 00 00 00 00 00 00 00 00 00 00 00 00 00 00 00 00 00 00 00 00 01 00 00 00 00 00 00 00 00 00 00 00 00 00 00 00 00 00 00 00 00 00 00 00 00 00 00 00 00 00 00 00 00 00 00 00 00 00 00 00 00 00 00 00 00 00 00 01 00 00 00 00 00 00 00 00 00 00 00 00 00 00 00 00 00 00 00 00 00 00 00 00 00 00 00 00 00 00 00 00 00 00 00 00 00 00 00 00 00 00 00 00 00 01 00 00 00 00 00 00 00 00 00 00
16:08:11.054 设备接收:68 04 01 00 62 00
16:08:11.180 设备发送:68 8C 62 00 0A 00 01 FF 14 00 01 00 FF 00 00 00 00 00 00 00 00 00 00 00 00 00 00 00 00 00 00 00 00 00 00 00 00 00 00 00 00 00 00 00 00 00 00 00 00 00 01 00 00 00 00 00 00 00 00 00 00 00 00 00 00 00 00 00 00 00 00 00 00 00 00 00 00 00 00 00 00 00 00 00 00 00 00 00 00 00 00 00 00 00 00 00 01 00 00 00 00 00 00 00 00 00 00 00 00 00 00 00 00 00 00 00 00 00 00 00 00 00 00 00 00 00 00 00 00 00 00 00 00 00 00 00 00 00 00 00 00 00
16:08:11.367 设备发送:68 8C 64 00 0A 00 01 FF 14 00 01 00 7E 01 00 01 00 00 00 00 00 00 00 00 00 00 00 00 00 00 00 00 00 00 00 00 00 00 00 00 00 00 00 00 00 00 00 00 00 00 00 00 00 00 00 00 00 00 00 00 00 01 00 00 00 00 00 00 00 00 00 00 00 00 00 00 00 00 00 00 00 00 00 00 00 00 00 00 00 00 00 00 00 00 00 00 00 00 00 00 00 00 00 00 00 00 00 01 00 00 00 00 00 00 00 00 00 00 00 00 00 00 00 00 00 00 00 00 00 00 00 00 00 00 00 00 00 00 00 00 00 00
16:08:11.585 设备发送:68 42 66 00 0A 00 01 B5 14 00 01 00 FD 01 00 00 00 00 00 00 00 00 00 00 00 00 01 00 00 00 00 00 00 00 00 00 00 00 00 00 00 00 00 00 00 00 00 00 00 00 00 00 00 00 00 00 00 00 00 00 00 00 00 00 00 00 00 00
16:08:11.788 设备发送:68 E4 68 00 0A 00 0D AB 14 00 01 00 01 40 00 9A 19 69 43 00 00 80 69 43 00 00 00 6A 43 00 00 00 00 00 00 CD CC CC 3D 00 33 33 33 40 00 99 99 F9 C0 00 00 00 00 00 00 8F C2 75 C0 00 5C 8F 82 C0 00 C2 F5 58 C1 00 00 00 00 00 00 47 E1 DA C0 00 3D 0A D7 C0 00 24 DB F9 BE 00 47 E1 47 42 00 67 E6 68 43 00 67 66 69 43 00 33 33 69 43 00 00 00 00 00 00 9A 99 19 40 00 00 00 20 40 00 66 66 9E 41 00 29 5C CF 40 00 3D 0A D7 40 00 29 5C CF 40 00 8F C2 75 3E 00 8F C2 F5 3D 00 8F C2 F5 BD 00 00 00 00 00 00 00 00 80 3F 00 0A D7 47 42 00 67 66 68 43 00 67 66 69 43 00 00 00 6A 43 00 00 00 00 00 00 CD CC 0C 40 00 33 33 13 40 00 8F C2 95 41 00 00 00 C0 40 00 14 AE C7 40 00 1E 85 CB 40 00 8F C2 75 3E 00
16:08:11.927 设备接收:68 04 01 00 6A 00
16:08:12.022 设备发送:68 E4 6A 00 0A 00 0D AB 14 00 01 00 2C 40 00 8F C2 F5 BD 00 00 00 00 00 00 8F C2 F5 BD 00 00 00 80 3F 00 47 E1 47 42 00 CD 4C 67 43 00 9A 19 69 43 00 9A 99 69 43 00 00 00 00 00 00 33 33 F3 3F 00 67 66 E6 3F 00 85 EB 71 41 00 AE 47 A1 40 00 AE 47 A1 40 00 A4 70 9D 40 00 8F C2 F5 BE 00 8F C2 F5 BD 00 8F C2 75 BE 00 8F C2 F5 BD 00 00 00 80 3F 00 47 E1 47 42 00 9A 99 AE 42 00 00 00 AF 42 00 67 E6 1F 44 00 00 00 AE 42 00 7B 14 0A 41 00 67 C6 36 44 00 67 66 AA 42 00 9A 99 AC 42 00 9A 99 AC 42 00 33 33 AD 42 00 CD CC CC 3D 00 CD CC CC 3D 00 00 00 00 00 00 00 00 00 00 00 00 00 00 00 00 00 00 00 00 00 00 00 00 00 00 00 00 00 00 00 00 00 00 00 00 00 00 00 00 00 00 00 00 00 00 00 00 00 00 00
16:08:12.179 设备发送:68 DA 6C 00 0A 00 0D A9 14 00 01 00 57 40 00 70 3D 4A 40 00 00 00 00 00 00 CD CC 4C 3E 00 5C 8F C2 3F 00 00 00 00 00 00 0A D7 A3 3C 00 8F C2 F5 3C 00 00 00 00 00 00 00 00 00 00 00 00 00 00 00 00 00 00 00 00 00 00 00 00 00 00 00 00 00 00 00 00 00 00 00 00 00 00 00 00 00 00 00 00 00 00 00 00 00 00 00 00 00 00 00 00 00 00 00 00 00 00 00 00 00 00 00 00 00 00 00 00 00 00 00 00 00 80 68 43 00 00 80 68 43 00 33 33 69 43 00 D7 A3 98 40 00 33 33 9B 40 00 5C 8F A2 40 00 00 00 00 00 00 33 33 33 40 00 5C 8F C2 BE 00 00 00 00 00 00 85 EB 47 42 00 00 00 00 00 00 00 00 48 42 00 00 C0 39 44 00 00 00 DC 42 00 00 00 00 00 00 00 00 00 00 00 00 00 00 00 00 00 00 00 00 00
16:08:12.398 设备发送:68 E4 6E 00 0A 00 0D AB 14 00 01 00 80 40 00 00 00 00 00 00 00 00 00 00 00 00 A0 2B 44 00 67 E6 24 44 00 9A 99 C8 42 00 00 00 C9 42 00 8F 42 83 42 00 67 46 24 44 00 33 F3 11 44 00 67 66 C8 42 00 9A 99 C8 42 00 9A 99 C8 42 00 00 00 00 00 00 00 00 00 00 00 00 00 00 00 00 00 00 00 00 00 00 00 00 00 00 00 00 00 00 00 00 00 00 00 00 00 00 00 00 00 00 00 00 00 00 00 00 00 00 00 5C 8F 52 40 00 EB 51 F8 3F 00 0A D7 23 3C 00 00 00 00 00 00 33 33 E7 41 00 F5 28 5C 40 00 99 99 B9 3F 00 0A D7 23 3D 00 00 00 00 00 00 00 00 00 00 00 00 00 00 00 00 8F C2 F5 3C 00 00 00 00 00 00 00 00 00 00 00 00 00 00 00 00 00 00 00 00 00 00 00 00 00 00 00 00 00 00 00 00 00 00 00 00 00 00 00 00 00 00 00 00 00 00
16:08:12.624 设备发送:68 E4 70 00 0A 00 0D AB 14 00 01 00 AB 40 00 00 00 00 00 00 00 00 00 00 00 00 00 00 00 00 00 80 69 43 00 67 E6 68 43 00 67 66 69 43 00 CD CC 30 41 00 8F C2 31 41 00 14 AE 33 41 00 00 00 00 00 00 85 EB F1 40 00 B8 1E 85 3E 00 00 00 00 00 00 85 EB 47 42 00 00 00 00 00 00 00 00 4C 42 00 00 C0 34 44 00 00 00 DC 42 00 00 00 00 00 00 00 00 00 00 00 00 00 00 00 00 00 00 00 00 00 00 00 00 00 00 00 00 00 00 00 67 06 3B 44 00 67 46 3D 44 00 67 C6 3A 44 00 67 66 3E 44 00 7B 94 92 42 00 CD EC 15 44 00 33 33 E7 42 00 9A 99 E8 42 00 CD CC E5 42 00 CD CC E7 42 00 67 66 A6 3F 00 9A 99 19 3F 00 00 00 00 00 00 00 00 00 00 00 00 00 00 00 00 00 00 00 00 00 00 00 00 00 00 00 00 00 00 00 00 00 00 00 00
16:08:12.725 设备接收:68 04 01 00 72 00
16:08:12.837 设备发送:68 DA 72 00 0A 00 0D A9 14 00 01 00 D6 40 00 00 00 00 00 00 33 33 53 40 00 CC CC 4C 40 00 7B 14 4E 40 00 14 AE 47 40 00 CD CC 2A 42 00 8F C2 15 40 00 00 00 00 00 00 00 00 00 00 00 0A D7 23 3C 00 0A D7 A3 3D 00 0A D7 23 3C 00 8F C2 F5 3C 00 00 00 00 00 00 00 00 00 00 00 00 00 00 00 00 00 00 00 00 00 00 00 00 00 00 00 00 00 00 00 00 00 00 00 00 00 00 00 00 00 00 00 00 00 00 00 00 00 00 00 00 00 00 00 00 00 00 00 00 00 67 66 69 43 00 33 33 69 43 00 9A 19 6A 43 00 29 5C 95 41 00 1F 85 95 41 00 14 AE 97 41 00 00 00 00 00 00 3D 0A 4F 41 00 00 00 00 00 00 00 00 00 00 00 00 00 48 42 00 00 00 00 00 00 00 00 08 42 00 00 C0 30 44 00 00 00 DC 42 00 00 00 00 00 00
16:08:13.037 设备发送:68 E4 74 00 0A 00 0D AB 14 00 01 00 FF 40 00 00 00 00 00 00 00 00 00 00 00 00 00 00 00 00 00 00 00 00 00 00 00 00 00 00 CD CC 49 44 00 CD EC 4A 44 00 33 F3 48 44 00 CD 6C 36 44 00 CD 4C 99 42 00 33 D3 3F 44 00 33 93 3F 44 00 67 A6 37 44 00 00 00 0A 43 00 67 E6 0A 43 00 00 00 00 00 00 9A 99 19 3F 00 00 00 00 00 00 00 00 00 00 00 00 00 00 00 00 00 00 00 00 00 00 00 00 00 00 00 00 00 00 00 00 00 00 00 00 00 00 00 00 00 47 E1 BA 3F 00 33 33 73 3F 00 70 3D 4A 3F 00 3D 0A B7 3F 00 9A 99 79 41 00 85 EB D1 3F 00 F5 28 5C 3F 00 66 66 66 3F 00 00 00 00 00 00 CC CC 4C 3D 00 00 00 00 00 00 0A D7 23 3C 00 00 00 00 00 00 00 00 00 00 00 00 00 00 00 00 00 00 00 00 00 00 00 00 00 00 00 00 00 00 00
16:08:13.258 设备发送:68 E4 76 00 0A 00 0D AB 14 00 01 00 2A 41 00 00 00 00 00 00 00 00 00 00 00 00 00 00 00 00 00 00 00 00 00 00 00 00 00 00 00 00 00 00 00 67 E6 67 43 00 CD 4C 68 43 00 00 00 69 43 00 5C 8F 1A 41 00 EB 51 18 41 00 D7 A3 20 41 00 00 00 00 00 00 70 3D CA 40 00 C2 F5 A8 BE 00 00 00 00 00 00 3D 0A 48 42 00 00 00 00 00 00 00 00 00 00 00 00 00 00 00 00 00 00 DC 42 00 00 00 00 00 00 00 00 00 00 00 00 00 00 00 00 00 00 00 00 00 00 00 00 00 00 00 00 00 00 00 00 00 00 00 00 00 00 00 00 00 00 00 00 00 00 00 00 00 00 00 00 00 00 00 00 00 00 00 00 00 00 00 00 00 00 00 00 00 00 00 00 00 00 00 00 00 00 00 00 00 00 00 00 00 00 00 00 00 00 00 00 00 00 00 00 00 00 00 00 00 00 00 00 00 00 00 00 00 00 00
16:08:13.431 设备发送:68 DA 78 00 0A 00 0D A9 14 00 01 00 55 41 00 00 00 00 00 00 00 00 00 00 00 00 00 00 00 00 00 00 00 00 00 00 00 00 00 00 00 00 00 00 00 00 00 00 00 00 00 00 00 00 00 00 00 00 00 00 00 00 00 00 00 00 00 00 00 00 00 00 00 00 00 00 00 00 00 00 00 00 00 00 00 00 00 00 00 00 00 00 00 00 00 00 00 00 00 00 00 00 00 00 00 00 00 00 00 00 00 00 00 00 00 00 00 00 00 00 00 00 00 00 00 00 00 00 00 00 00 00 00 00 00 00 00 00 00 00 00 00 00 00 00 00 00 00 00 00 00 00 00 00 00 00 00 00 00 00 00 00 00 00 00 00 00 00 00 00 00 00 00 00 00 00 00 00 00 00 00 00 00 00 00 00 00 00 00 00 00 00 00 00 00 00 00 00 00 00 00 00 00 00 00 00 00 00 00 00 00 00 00 00 00 00 00 00 00 00
16:08:13.540 设备接收:68 04 01 00 7A 00
16:08:13.634 设备发送:68 E4 7A 00 0A 00 0D AB 14 00 01 00 7E 41 00 00 00 00 00 00 00 00 DC 42 00 00 00 00 00 00 00 00 00 00 00 00 00 00 00 00 00 00 00 00 00 00 00 00 00 00 00 00 00 00 00 00 00 00 00 00 00 00 00 00 00 00 00 00 00 00 00 00 00 00 00 00 00 00 00 00 00 00 00 00 00 00 00 00 00 00 00 00 00 00 00 00 00 00 00 00 00 00 00 00 00 00 00 00 00 00 00 00 00 00 00 00 00 00 00 00 00 00 00 00 00 00 00 00 00 00 00 00 00 00 00 00 00 00 00 00 00 00 00 00 00 00 00 00 00 00 00 00 00 00 00 00 00 00 00 00 00 00 00 00 00 00 00 00 00 00 00 00 00 00 00 00 00 00 00 00 00 00 00 00 00 00 00 00 00 00 00 00 00 00 00 00 00 00 00 00 00 00 00 00 00 00 00 00 00 00 00 00 00 00 00 00 00 00 00 00 00 00 00 00 00 00 00 00 00 00
16:08:13.886 设备发送:68 E4 7C 00 0A 00 0D AB 14 00 01 00 A9 41 00 00 00 00 00 00 00 00 00 00 00 00 00 00 00 00 00 00 00 00 00 00 00 00 00 00 00 00 00 00 00 00 00 00 00 00 00 00 00 00 00 00 00 00 00 00 00 00 00 00 00 00 00 00 00 00 00 00 00 00 00 00 00 00 00 00 00 00 00 00 00 00 00 00 00 00 00 00 00 00 00 00 00 00 00 00 00 00 00 00 00 00 00 00 00 00 00 00 00 00 00 00 00 00 00 00 00 00 00 00 00 00 00 00 00 00 00 00 DC 42 00 00 00 00 00 00 00 00 00 00 00 00 00 00 00 00 00 00 00 00 00 00 00 00 00 00 00 00 00 00 00 00 00 00 00 00 00 00 00 00 00 00 00 00 00 00 00 00 00 00 00 00 00 00 00 00 00 00 00 00 00 00 00 00 00 00 00 00 00 00 00 00 00 00 00 00 00 00 00 00 00 00 00 00 00 00 00 00 00 00 00 00 00 00 00 00
16:08:14.090 设备发送:68 DA 7E 00 0A 00 0D A9 14 00 01 00 D4 41 00 00 00 00 00 00 00 00 00 00 00 00 00 00 00 00 00 00 00 00 00 00 00 00 00 00 00 00 00 00 00 00 00 00 00 00 00 00 00 00 00 00 00 00 00 00 00 00 00 00 00 00 00 00 00 00 00 00 00 00 00 00 00 00 00 00 00 00 00 00 00 00 00 00 00 00 00 00 00 00 00 00 00 00 00 00 00 00 00 00 00 00 00 00 00 00 00 00 00 00 00 00 00 00 00 00 00 00 00 00 00 00 00 00 00 00 00 00 00 00 00 00 00 00 00 00 00 00 00 00 00 00 00 00 00 00 00 00 00 00 00 00 00 00 00 00 00 00 00 00 00 00 00 00 00 00 00 00 00 00 00 00 00 00 00 00 00 00 00 00 00 00 00 00 00 00 00 00 00 00 00 00 00 00 00 00 00 00 00 00 00 00 00 00 00 00 00 00 00 00 00 00 00 00 00 00
16:08:14.274 设备发送:68 E4 80 00 0A 00 0D AB 14 00 01 00 FD 41 00 00 00 00 00 00 00 00 00 00 00 00 00 00 00 00 00 00 00 00 00 00 00 DC 42 00 00 00 00 00 00 00 00 00 00 00 00 00 00 00 00 00 00 00 00 00 00 00 00 00 00 00 00 00 00 00 00 00 00 00 00 00 00 00 00 00 00 00 00 00 00 00 00 00 00 00 00 00 00 00 00 00 00 00 00 00 00 00 00 00 00 00 00 00 00 00 00 00 00 00 00 00 00 00 00 00 00 00 00 00 00 00 00 00 00 00 00 00 00 00 00 00 00 00 00 00 00 00 00 00 00 00 00 00 00 00 00 00 00 00 00 00 00 00 00 00 00 00 00 00 00 00 00 00 00 00 00 00 00 00 00 00 00 00 00 00 00 00 00 00 00 00 00 00 00 00 00 00 00 00 00 00 00 00 00 00 00 00 00 00 00 00 00 00 00 00 00 00 00 00 00 00 00 00 00 00 00 00 00 00 00 00 00 00 00 00
16:08:14.399 设备接收:68 04 01 00 82 00
16:08:14.499 设备发送:68 E4 82 00 0A 00 0D AB 14 00 01 00 28 42 00 00 00 00 00 00 00 00 00 00 00 00 00 00 00 00 00 00 00 00 00 00 00 00 00 00 00 00 00 00 00 00 00 00 00 00 00 00 00 00 00 00 00 00 00 00 00 00 00 00 00 00 00 00 00 00 00 00 00 00 00 00 00 00 00 00 00 00 00 00 00 00 00 00 00 00 00 00 00 00 00 00 00 00 00 00 00 00 00 00 00 00 00 00 00 00 00 00 00 00 00 00 00 00 00 00 00 00 00 00 00 00 00 00 00 00 00 00 00 00 00 00 00 00 00 00 00 00 00 00 00 00 00 DC 42 00 00 00 00 00 00 00 00 00 00 00 00 00 00 00 00 00 00 00 00 00 00 00 00 00 00 00 00 00 00 00 00 00 00 00 00 00 00 00 00 00 00 00 00 00 00 00 00 00 00 00 00 00 00 00 00 00 00 00 00 00 00 00 00 00 00 00 00 00 00 00 00 00 00 00 00 00 00 00 00 00
16:08:14.709 设备发送:68 DA 84 00 0A 00 0D A9 14 00 01 00 53 42 00 00 00 00 00 00 00 00 00 00 00 00 00 00 00 00 00 00 00 00 00 00 00 00 00 00 00 00 00 00 00 00 00 00 00 00 00 00 00 00 00 00 00 00 00 00 00 00 00 00 00 00 00 00 00 00 00 00 00 00 00 00 00 00 00 00 00 00 00 00 00 00 00 00 00 00 00 00 00 00 00 00 00 00 00 00 00 00 00 00 00 00 00 00 00 00 00 00 00 00 00 00 00 00 00 00 00 00 00 00 00 00 00 00 00 00 00 00 00 00 00 00 00 00 00 00 00 00 00 00 00 00 00 00 00 00 00 00 00 00 00 00 00 00 00 00 00 00 00 00 00 00 00 00 00 00 00 00 00 00 00 00 00 00 00 00 00 00 00 00 00 00 00 00 00 00 00 00 00 00 00 00 00 00 00 00 00 00 00 00 00 00 00 00 00 00 00 00 00 00 00 00 00 00 00 00
16:08:14.897 设备发送:68 E4 86 00 0A 00 0D AB 14 00 01 00 7C 42 00 00 00 00 00 00 00 00 00 00 00 00 00 00 00 00 00 00 00 00 00 00 00 00 00 00 00 00 00 00 00 00 00 00 00 00 00 00 DC 42 00 00 00 00 00 00 00 00 00 00 00 00 00 00 00 00 00 00 00 00 00 00 00 00 00 00 00 00 00 00 00 00 00 00 00 00 00 00 00 00 00 00 00 00 00 00 00 00 00 00 00 00 00 00 00 00 00 00 00 00 00 00 00 00 00 00 00 00 00 00 00 00 00 00 00 00 00 00 00 00 00 00 00 00 00 00 00 00 00 00 00 00 00 00 00 00 00 00 00 00 00 00 00 00 00 00 00 00 00 00 00 00 00 00 00 00 00 00 00 00 00 00 00 00 00 00 00 00 00 00 00 00 00 00 00 00 00 00 00 00 00 00 00 00 00 00 00 00 00 00 00 00 00 00 00 00 00 00 00 00 00 00 00 00 00 00 00 00 00 00 00 00 00 00 00 00
16:08:15.117 设备发送:68 E4 88 00 0A 00 0D AB 14 00 01 00 A7 42 00 00 00 00 00 00 00 00 00 00 00 00 00 00 00 00 00 00 00 00 00 00 00 00 00 00 00 00 00 00 00 00 00 00 00 00 00 00 00 00 00 00 00 00 00 00 00 00 00 00 00 00 00 00 00 00 00 00 00 00 00 00 00 00 00 00 00 00 00 00 00 00 00 00 00 00 00 00 00 00 00 00 00 00 00 00 00 00 00 00 00 00 00 00 00 00 00 00 00 00 00 00 00 00 00 00 00 00 00 00 00 00 00 00 00 00 00 00 00 00 00 00 00 00 00 00 00 00 00 00 00 00 00 00 00 00 00 00 00 00 00 00 00 00 00 00 00 00 DC 42 00 00 00 00 00 00 00 00 00 00 00 00 00 00 00 00 00 00 00 00 00 00 00 00 00 00 00 00 00 00 00 00 00 00 00 00 00 00 00 00 00 00 00 00 00 00 00 00 00 00 00 00 00 00 00 00 00 00 00 00 00 00 00 00 00 00
16:08:15.289 设备发送:68 DA 8A 00 0A 00 0D A9 14 00 01 00 D2 42 00 00 00 00 00 00 00 00 00 00 00 00 00 00 00 00 00 00 00 00 00 00 00 00 00 00 00 00 00 00 00 00 00 00 00 00 00 00 00 00 00 00 00 00 00 00 00 00 00 00 00 00 00 00 00 00 00 00 00 00 00 00 00 00 00 00 00 00 00 00 00 00 00 00 00 00 00 00 00 00 00 00 00 00 00 00 00 00 00 00 00 00 00 00 00 00 00 00 00 00 00 00 00 00 00 00 00 00 00 00 00 00 00 00 00 00 00 00 00 00 00 00 00 00 00 00 00 00 00 00 00 00 00 00 00 00 00 00 00 00 00 00 00 00 00 00 00 00 00 00 00 00 00 00 00 00 00 00 00 00 00 00 00 00 00 00 00 00 00 00 00 00 00 00 00 00 00 00 00 00 00 00 00 00 00 00 00 00 00 00 00 00 00 00 00 00 00 00 00 00 00 00 00 00 00 00
16:08:15.524 设备接收:68 04 01 00 8A 00
16:08:15.744 设备发送:68 E4 8C 00 0A 00 0D AB 14 00 01 00 FB 42 00 00 00 00 00 00 00 00 00 00 00 00 00 00 00 00 00 00 00 00 00 00 00 00 00 00 00 00 00 00 00 00 00 00 00 00 00 00 00 00 00 00 00 00 00 00 00 00 00 00 00 00 00 20 42 00 00 00 00 00 00 00 00 00 00 00 00 00 00 00 00 00 00 00 00 00 00 00 00 00 00 00 00 00 00 00 00 00 00 00 00 00 00 00 00 00 00 00 00 00 00 00 00 00 00 00 00 00 00 00 00 00 00 00 00 00 00 00 00 00 00 00 00 00 00 00 00 00 00 00 00 00 00 00 00 00 00 00 00 00 00 00 00 00 00 00 00 00 00 00 00 00 00 00 00 00 00 00 00 00 00 00 00 00 00 00 00 00 00 00 00 00 00 00 00 00 00 00 00 00 00 00 00 00 00 00 00 00 00 00 00 00 00 00 00 00 00 00 00 00 00 00 00 00 00 00 00 00 00 00 00 00 00 00 00 00
16:08:15.914 设备发送:68 D0 8E 00 0A 00 0D A7 14 00 01 00 26 43 00 00 00 00 00 00 00 00 00 00 00 00 00 00 00 00 00 00 00 00 00 00 00 00 00 00 00 00 00 00 00 00 00 00 00 00 00 00 00 00 00 00 00 00 00 00 00 00 00 00 00 00 00 00 00 00 00 00 00 00 00 00 00 00 00 00 00 00 00 00 00 00 00 00 00 00 00 00 00 00 00 00 00 00 00 00 00 00 00 00 00 00 00 00 00 00 00 00 00 00 00 00 00 00 00 00 00 00 00 00 00 00 00 00 00 00 00 00 00 00 00 00 00 00 00 00 00 00 00 00 00 00 00 00 00 00 00 00 00 00 00 00 00 00 00 00 00 00 00 00 00 00 00 00 00 00 00 00 00 00 00 00 00 04 42 00 00 00 00 00 00 00 00 00 00 00 00 00 00 00 00 00 00 00 00 00 00 00 00 00 00 00 00 00 00 00
16:08:16.132 设备发送:68 0E 90 00 0A 00 64 01 0A 00 01 00 00 00 00 14
16:08:16.272 设备接收:68 0E 0A 00 92 00 65 01 06 00 01 00 00 00 00 05 68 04 01 00 92 00
16:08:16.426 设备发送:68 0E 92 00 0C 00 65 01 07 00 01 00 00 00 00 05
16:08:16.566 设备发送:68 99 94 00 0C 00 CE 9C 25 00 01 00 01 64 00 D7 A3 2E 42 00 14 15 A5 46 00 2E 62 AC 46 00 85 44 91 46 00 52 B8 B9 42 00 33 2D E1 46 00 66 A6 81 43 00 C0 67 A4 47 00 00 C0 B2 43 00 33 31 D9 47 00 7B 94 2B 43 00 1A F9 82 47 00 1E C5 31 43 00 DA 50 BB 47 00 70 BD 1F 43 00 00 11 AD 47 00 29 1C 2C 43 00 F3 58 97 47 00 1F 85 08 43 00 1A 5A A8 47 00 AE 07 1B 43 00 0D E5 C0 47 00 66 A6 12 43 00 27 F2 B1 47 00 29 5C 61 42 00 9A 11 EE 46 00 B8 1E 31 42 00 33 22 D0 46 00
16:08:16.689 设备发送:68 0E 96 00 0C 00 65 01 0A 00 01 00 00 00 00 05
16:08:19.451 设备接收:68 04 01 00 98 00
16:08:21.732 设备发送:68 1A 98 00 0C 00 0D 02 03 00 01 00 3C 41 00 00 00 48 42 00 3D 41 00 00 C0 15 44 00
16:08:25.458 设备接收:68 04 01 00 9A 00
16:08:29.785 设备发送:68 1A 9A 00 0C 00 0D 02 03 00 01 00 78 41 00 C2 F5 D8 40 00 7B 41 00 C2 F5 47 42 00
16:08:33.696 设备接收:68 04 01 00 9C 00
16:08:33.774 设备发送:68 2A 9C 00 0C 00 0D 04 03 00 01 00 71 41 00 33 B3 67 43 00 72 41 00 67 E6 67 43 00 74 41 00 3D 0A 1F 41 00 75 41 00 66 66 1E 41 00
16:08:37.309 设备接收:68 04 01 00 9E 00
16:08:37.809 设备发送:68 1A 9E 00 0C 00 0D 02 03 00 01 00 73 41 00 33 B3 68 43 00 76 41 00 8F C2 21 41 00
16:08:41.293 设备接收:68 04 01 00 A0 00
16:08:42.622 设备发送:68 12 A0 00 0C 00 01 02 03 00 01 00 C5 00 00 01 C6 00 00 00
16:08:42.840 设备发送:68 20 A2 00 0C 00 1E 02 03 00 01 00 C5 00 00 01 E4 9D 08 10 0D 01 19 C6 00 00 00 ED 9D 08 10 0D 01 19
16:08:45.920 设备接收:68 04 01 00 A4 00
16:08:46.269 设备发送:68 52 A4 00 0C 00 0D 09 03 00 01 00 45 41 00 33 B3 40 44 00 46 41 00 33 F3 3F 44 00 47 41 00 9A 59 3F 44 00 48 41 00 CD AC 42 44 00 49 41 00 14 AE 98 42 00 59 41 00 0A D7 C3 3F 00 5A 41 00 7B 14 AE 3F 00 5C 41 00 E1 7A D4 3F 00 5D 41 00 9A 99 09 41 00
16:08:49.741 设备接收:68 04 01 00 A6 00
16:08:50.245 设备发送:68 32 A6 00 0C 00 0D 05 03 00 01 00 4A 41 00 CD 4C 3D 44 00 4B 41 00 CD 0C 3D 44 00 4C 41 00 00 E0 40 44 00 4D 41 00 CD CC 42 44 00 4E 41 00 67 E6 42 44 00
16:08:53.760 设备接收:68 04 01 00 A8 00
16:08:58.277 设备发送:68 12 A8 00 0C 00 0D 01 03 00 01 00 7E 41 00 00 80 FC 43 00
16:09:01.575 设备接收:68 04 01 00 AA 00
16:09:02.334 设备发送:68 12 AA 00 0C 00 0D 01 03 00 01 00 7D 41 00 00 00 54 42 00
16:09:05.619 设备接收:68 04 01 00 AC 00
16:09:10.334 设备发送:68 2A AC 00 0C 00 0D 04 03 00 01 00 B2 41 00 33 33 68 43 00 B5 41 00 66 66 0E 41 00 B9 41 00 CD CC BC 40 00 BC 41 00 B8 1E 48 42 00
16:09:13.639 设备接收:68 04 01 00 AE 00
16:09:14.357 设备发送:68 1A AE 00 0C 00 0D 02 03 00 01 00 B3 41 00 33 33 68 43 00 B6 41 00 B8 1E 0D 41 00
16:09:17.638 设备接收:68 04 01 00 B0 00
16:09:18.341 设备发送:68 1A B0 00 0C 00 0D 02 03 00 01 00 B4 41 00 67 E6 68 43 00 B7 41 00 14 AE 13 41 00
16:09:21.859 设备接收:68 04 01 00 B2 00
16:09:21.968 设备发送:68 12 B2 00 0C 00 01 02 03 00 01 00 F3 00 00 01 F4 00 00 00
16:09:22.189 设备发送:68 20 B4 00 0C 00 1E 02 03 00 01 00 F3 00 00 01 6B 4D 09 10 0D 01 19 F4 00 00 00 77 4D 09 10 0D 01 19
16:09:25.285 设备接收:68 04 01 00 B6 00
16:09:26.797 设备发送:68 4A B6 00 0C 00 0D 08 03 00 01 00 86 41 00 00 80 39 44 00 87 41 00 67 26 3D 44 00 88 41 00 33 D3 3A 44 00 89 41 00 9A B9 38 44 00 8A 41 00 66 66 9A 42 00 9A 41 00 66 66 C6 3F 00 9B 41 00 99 99 B9 3F 00 9E 41 00 9A 99 F9 40 00
16:09:30.130 设备接收:68 04 01 00 B8 00
16:09:30.830 设备发送:68 32 B8 00 0C 00 0D 05 03 00 01 00 8B 41 00 00 80 3B 44 00 8C 41 00 CD 0C 3D 44 00 8D 41 00 33 33 3A 44 00 8E 41 00 CD 2C 2E 44 00 8F 41 00 33 53 3B 44 00
16:09:34.149 设备接收:68 04 01 00 BA 00
16:09:38.894 设备发送:68 12 BA 00 0C 00 0D 01 03 00 01 00 BF 41 00 00 00 F3 43 00
16:09:42.181 设备接收:68 04 01 00 BC 00
16:09:42.899 设备发送:68 12 BC 00 0C 00 0D 01 03 00 01 00 BE 41 00 00 00 50 42 00
16:09:46.390 设备接收:68 04 01 00 BE 00
16:09:46.905 设备发送:68 1A BE 00 0C 00 0D 02 03 00 01 00 FA 41 00 D7 A3 C8 40 00 FD 41 00 85 EB 47 42 00
16:09:50.228 设备接收:68 04 01 00 C0 00
16:09:50.927 设备发送:68 1A C0 00 0C 00 0D 02 03 00 01 00 F3 41 00 00 00 68 43 00 F6 41 00 33 33 17 41 00
16:09:54.237 设备接收:68 04 01 00 C2 00
16:09:54.989 设备发送:68 1A C2 00 0C 00 0D 02 03 00 01 00 F4 41 00 67 66 68 43 00 F7 41 00 8F C2 15 41 00
16:09:58.264 设备接收:68 04 01 00 C4 00
16:09:58.985 设备发送:68 1A C4 00 0C 00 0D 02 03 00 01 00 F5 41 00 67 E6 68 43 00 F8 41 00 CD CC 1C 41 00
16:10:02.285 设备接收:68 04 01 00 C6 00
16:10:04.190 设备发送:68 12 C6 00 0C 00 01 02 03 00 01 00 21 01 00 01 22 01 00 00
16:10:04.408 设备发送:68 20 C8 00 0C 00 1E 02 03 00 01 00 21 01 00 01 F8 07 0A 10 0D 01 19 22 01 00 00 01 08 0A 10 0D 01 19
16:10:07.405 设备发送:68 42 CA 00 0C 00 0D 07 03 00 01 00 C7 41 00 00 20 37 44 00 C8 41 00 9A 39 3D 44 00 C9 41 00 00 40 37 44 00 CA 41 00 CD EC 3E 44 00 CB 41 00 0A D7 9B 42 00 DB 41 00 7B 14 CE 3F 00 DF 41 00 67 66 E6 40 00
16:10:07.536 设备接收:68 04 01 00 CA 00
16:10:10.709 设备接收:68 04 01 00 CC 00
16:10:11.424 设备发送:68 52 CC 00 0C 00 0D 09 03 00 01 00 17 40 00 8F C2 95 41 00 CC 41 00 67 C6 3C 44 00 CD 41 00 CD CC 3E 44 00 CE 41 00 CD 2C 37 44 00 CF 41 00 67 C6 2A 44 00 D0 41 00 9A 19 2A 44 00 E2 41 00 99 99 B9 3F 00 E3 41 00 7B 14 8E 3F 00 E4 41 00 00 00 80 3F 00
16:10:13.94900

