16:34:59.779 设备接收:68 0F 22 00 36 03 CA 01 06 00 01 00 00 00 57 80 00
16:34:59.871 设备发送:68 16 36 03 24 00 CA 01 07 00 01 00 00 00 00 57 80 00 26 04 00 00 8C 43
16:35:00.665 设备发送:68 1A 38 03 24 00 0D 02 03 00 01 00 4C 42 00 9A 19 3F 44 00 61 42 00 CD CC DC 40 00
16:35:03.205 设备接收:68 04 01 00 3A 03
16:35:04.697 设备发送:68 1A 3A 03 24 00 0D 02 03 00 01 00 4E 42 00 00 60 3C 44 00 4F 42 00 33 D3 3C 44 00
16:35:08.033 设备接收:68 04 01 00 3C 03
16:35:16.778 设备发送:68 12 3C 03 24 00 0D 01 03 00 01 00 81 42 00 00 00 4C 42 00
16:35:20.080 设备接收:68 04 01 00 3E 03
16:35:24.824 设备发送:68 12 3E 03 24 00 0D 01 03 00 01 00 B9 42 00 85 EB A1 40 00
16:35:28.111 设备接收:68 04 01 00 40 03
16:35:32.846 设备发送:68 1A 40 03 24 00 0D 02 03 00 01 00 17 40 00 85 EB 11 41 00 BB 42 00 E1 7A A4 40 00
16:35:36.163 设备接收:68 04 01 00 42 03
16:35:39.770 设备接收:68 0F 24 00 42 03 CA 01 06 00 01 00 00 00 57 80 00
16:35:39.853 设备发送:68 16 42 03 26 00 CA 01 07 00 01 00 00 00 00 57 80 00 26 04 00 00 8C 43
16:35:40.863 设备发送:68 22 44 03 26 00 0D 03 03 00 01 00 8A 42 00 00 00 3C 44 00 8B 42 00 00 C0 3E 44 00 A2 42 00 33 33 F3 40 00
16:35:43.196 设备接收:68 04 01 00 46 03
16:35:44.891 设备发送:68 1A 46 03 26 00 0D 02 03 00 01 00 8F 42 00 00 40 36 44 00 90 42 00 67 A6 41 44 00
16:35:48.411 设备接收:68 04 01 00 48 03
16:35:48.924 设备发送:68 12 48 03 26 00 0D 01 03 00 01 00 27 40 00 7B 14 0E 41 00
16:35:52.249 设备接收:68 04 01 00 4A 03
16:35:56.953 设备发送:68 12 4A 03 26 00 0D 01 03 00 01 00 C2 42 00 00 00 10 42 00
16:36:00.265 设备接收:68 04 01 00 4C 03
16:36:10.721 设备接收:68 04 43 00 00 00
16:36:10.739 设备发送:68 04 83 00 00 00
16:36:17.069 设备发送:68 12 4C 03 26 00 0D 01 03 00 01 00 37 40 00 5C 8F E2 40 00
16:36:20.573 设备接收:68 04 01 00 4E 03
16:36:21.096 设备发送:68 2A 4E 03 26 00 0D 04 03 00 01 00 CB 42 00 00 60 35 44 00 CC 42 00 9A 79 2D 44 00 CD 42 00 00 20 27 44 00 CE 42 00 CD 0C 35 44 00
16:36:24.375 设备接收:68 04 01 00 50 03

